1.745930340720616489e-06 2.783666344790410506e-06 3.717588800256179841e-06 5.022438061721689303e-06 6.378997018143903507e-06 7.051841856397511904e-06 8.585763500859825022e-06 8.564068646913526584e-06 0.000000000000000000e+00
1.978053890680974239e-06 4.200239821302196330e-06 5.874922651204425018e-06 7.599617543190365414e-06 1.115683610150010693e-05 1.313734004409079217e-05 1.334982797457211708e-05 1.484119353030692358e-05 0.000000000000000000e+00
5.538456135113066418e-06 8.615274091067641989e-06 1.082451403343466497e-05 1.652519944520235975e-05 1.679225078770956673e-05 2.238435977709607940e-05 2.315603678272222995e-05 2.859179714318584232e-05 0.000000000000000000e+00
1.088882984729102379e-05 1.394625788314413663e-05 2.160325206661601984e-05 2.747724325367826607e-05 3.670520482159067940e-05 3.784180044170977990e-05 3.861296834757639568e-05 4.663444171573821978e-05 0.000000000000000000e+00
2.311466893745369057e-05 2.921644215299475542e-05 4.256207973930304104e-05 5.367085180588762459e-05 5.352537755946596429e-05 6.572457320341368531e-05 7.878715334043708495e-05 8.818246135955082712e-05 0.000000000000000000e+00
3.904843453509791615e-05 6.695004817465222960e-05 8.131196090419687728e-05 9.169178041154242337e-05 1.189130110377481942e-04 1.058366988398834035e-04 1.370468785651393563e-04 1.264364416207740824e-04 0.000000000000000000e+00
6.897718702196170624e-05 1.148182641884637869e-04 1.474007366920150673e-04 1.617374763564519917e-04 1.910788726783359693e-04 2.237637560248710491e-04 2.347290229339386652e-04 2.220228316312501617e-04 0.000000000000000000e+00
1.319742081293351712e-04 2.048167470448765599e-04 2.327173511393032502e-04 2.733323115393133267e-04 3.053560884104150109e-04 3.572317676985000486e-04 3.855871761915007946e-04 3.736497720302930882e-04 0.000000000000000000e+00
2.417958239308119219e-04 3.241855866769424873e-04 4.090537842762176335e-04 4.842232439009100365e-04 5.015619424906650253e-04 5.738883101908255450e-04 5.866918892961130649e-04 6.460536284404653053e-04 0.000000000000000000e+00
3.748463145640549480e-04 5.515054825506061215e-04 6.559501844312714495e-04 8.537545290996361455e-04 8.942961767045712676e-04 8.921601273909700834e-04 1.048335448376191059e-03 1.073439439753513368e-03 0.000000000000000000e+00
6.746020084512987462e-04 8.973952238041851956e-04 9.735193785119909031e-04 1.080020100143139553e-03 1.435469873600655338e-03 1.252936620855780916e-03 1.353760849775167410e-03 1.440066698898714121e-03 0.000000000000000000e+00
1.320197659965983506e-03 1.207739365374918897e-03 1.745542239770546834e-03 1.829257853662173651e-03 1.947836835661224996e-03 2.039410495842297090e-03 1.777248289337551683e-03 1.867824988358631399e-03 0.000000000000000000e+00
1.792315378947004038e-03 2.200302204183995133e-03 2.154968085549936654e-03 2.352920030991626898e-03 2.766729230203429559e-03 2.716046477597544150e-03 2.876010634992375980e-03 2.502193399691676669e-03 0.000000000000000000e+00
2.780394111210967353e-03 2.972861617931551667e-03 3.211013203285673859e-03 3.412902426703510843e-03 2.876696350721717060e-03 3.066291332491781138e-03 2.761196924361366579e-03 3.204407224055533503e-03 0.000000000000000000e+00
3.433634495900868625e-03 4.397129498903777287e-03 4.323607782653137756e-03 4.002662001808451539e-03 3.996337837839466188e-03 4.003407638852525194e-03 3.139050542235519940e-03 3.809289674159883725e-03 0.000000000000000000e+00
4.858242349537469744e-03 6.666800735389975981e-03 5.359023257414387634e-03 4.323517846116956692e-03 4.237553510050564090e-03 4.160671255502988025e-03 3.426037610849503191e-03 3.615410582912395327e-03 0.000000000000000000e+00
7.725360254215580570e-03 6.590067760985436791e-03 5.913366067502415745e-03 5.429806050332449709e-03 4.090774235623671762e-03 4.493391051482728028e-03 4.450809228790396366e-03 3.682467053465508528e-03 0.000000000000000000e+00
8.254707411222268060e-03 8.452923453251581440e-03 6.050397707551440074e-03 5.579476156326941723e-03 5.157701929412397517e-03 4.625848478525076447e-03 4.351611408477473221e-03 3.936550073384539362e-03 0.000000000000000000e+00
1.218091924638779744e-02 8.001210610086944425e-03 6.016739580647840688e-03 5.953960294281621969e-03 4.841030615484006282e-03 5.108022989937672023e-03 5.043000829145246992e-03 4.167137954082247679e-03 0.000000000000000000e+00
1.222262466596595390e-02 7.702654414269895049e-03 6.335086367997422654e-03 6.463089934766716275e-03 6.190919642546957938e-03 6.239343720587835554e-03 4.427478367833995350e-03 4.752774019910208439e-03 0.000000000000000000e+00
1.339891797709204940e-02 8.439512168268303513e-03 6.286608334988449259e-03 6.343442593172665851e-03 6.957274811779078257e-03 6.118861298963300041e-03 6.426002378895618976e-03 4.118944820595596933e-03 0.000000000000000000e+00
1.403141324083099009e-02 6.440874991556579977e-03 6.682262720371157268e-03 9.391345816916075312e-03 8.910603402102800288e-03 7.118615577127403171e-03 5.543956789334166663e-03 2.912501590018024087e-03 0.000000000000000000e+00
1.346322249087627924e-02 7.146118279129076538e-03 1.004641934682940115e-02 8.571702634965209372e-03 8.798308842870047539e-03 8.192870252224235955e-03 4.291705444218025904e-03 1.435704264665470633e-03 0.000000000000000000e+00
1.212435194575569794e-02 8.573178630913875706e-03 1.080087763467433432e-02 1.202533852765288493e-02 1.144872632282167152e-02 6.575348773422385121e-03 2.494681465357136835e-03 1.171191358569947851e-03 0.000000000000000000e+00
1.256430339430932713e-02 1.012864987667257653e-02 1.406410228144588589e-02 1.686747105810093919e-02 9.424254329093502414e-03 3.968732273914775399e-03 7.491999539878269748e-04 6.634330227818614962e-05 0.000000000000000000e+00
1.152764872081803865e-02 1.282753370200002442e-02 2.048983876850477351e-02 1.550069003147918831e-02 5.077915136541061997e-03 2.201209777139183713e-03 4.070252380784847968e-05 2.908880461220178640e-05 0.000000000000000000e+00
9.359890668232482419e-03 1.607053178699029833e-02 2.488515129407741638e-02 1.539506192662357283e-02 4.883007241050909240e-03 6.360160123094450117e-04 7.455813128815765934e-05 6.269135474508790557e-05 0.000000000000000000e+00
9.411486773881335907e-03 1.866432976360160589e-02 2.347749386244460737e-02 1.149671299290364219e-02 9.238295870840826634e-04 2.141193382772206891e-04 1.661797272013813086e-05 3.057383525526252068e-08 0.000000000000000000e+00
9.388387825003504522e-03 2.576587481814477526e-02 2.979293452397146699e-02 7.587655436036326410e-03 7.466342103547923218e-04 2.540901376405870670e-05 3.397561338936891444e-08 3.945835418864843876e-09 0.000000000000000000e+00
1.141245880786736708e-02 3.089346245368756669e-02 2.325408206221013171e-02 4.778812819927909759e-03 1.429436719138399390e-05 1.059894431810685734e-06 1.442656936659624504e-07 7.404104069604517207e-12 0.000000000000000000e+00
1.242035558823805994e-02 3.094460885615313989e-02 1.680119024174483999e-02 3.170647028981488612e-03 1.297918428420534248e-04 2.714554185352724112e-09 1.634672505262972394e-10 3.597163028022014882e-17 0.000000000000000000e+00
1.364114654744621666e-02 4.592947387896967326e-02 5.686603323571233319e-03 1.691918913337590662e-04 5.725999794270576835e-05 7.289380767303044187e-08 7.729463023283944141e-12 3.882526100905581863e-15 0.000000000000000000e+00
1.393464052964640126e-02 3.746057617086849534e-02 7.756572251425028139e-03 1.671913923567764282e-04 5.690059574189977350e-10 2.641799753167835345e-12 4.430236107515740429e-15 3.766993809920989704e-28 0.000000000000000000e+00
1.982939657761820934e-02 4.470776451088576131e-02 8.020482861473303068e-03 5.227076078301115281e-06 2.399685160535960005e-11 3.513208123041383477e-10 6.884877514673340377e-24 3.033861688318111207e-36 0.000000000000000000e+00
2.103123037183137617e-02 4.126976202306565505e-02 5.010590907195669810e-03 1.436682341188501828e-06 1.380790046675039450e-11 7.864170989796647153e-24 1.087823484963781509e-27 7.620286780484074859e-44 0.000000000000000000e+00
2.592620215752017288e-02 3.290918366887438801e-02 2.818314680498539937e-04 4.289909708087377971e-08 7.319199607836170278e-16 7.884694517070389358e-20 1.561818639680046868e-32 5.032766509458493514e-55 0.000000000000000000e+00
3.388331296123543723e-02 2.667793537782262719e-02 2.333193972582990605e-03 1.125217404685164035e-11 1.845438153198726661e-17 5.508462467200553293e-34 7.485564355260920493e-54 9.767854766907022047e-79 0.000000000000000000e+00
3.336012165009387409e-02 1.844012943139390973e-02 8.309590248985646729e-06 1.155156073233943088e-10 4.490958818894776542e-20 8.334968346037097122e-47 4.050563009516087481e-57 1.424972978377096824e-87 0.000000000000000000e+00
4.221996869021943377e-02 1.645926098782425628e-02 1.983020569610642695e-05 7.752906090749316194e-13 2.760252033300923339e-25 1.202826347815871103e-62 7.212160806602502314e-87 3.046734218581078420e-127 0.000000000000000000e+00
4.420074698660843293e-02 1.413845700356352979e-02 8.708230127794707939e-06 2.958475375182602094e-17 9.458659533537015911e-24 1.763568780613563814e-84 1.108829531615036928e-77 0.000000000000000000e+00 0.000000000000000000e+00
5.275975058505200099e-02 6.986971434224405371e-03 8.545615557540584599e-10 7.244698969168585397e-20 5.967313436233691611e-72 3.432565536204084235e-83 3.585962821554423643e-114 7.372056771521575754e-162 0.000000000000000000e+00
6.378287622999530282e-02 4.008905228995145870e-03 1.007154213998753913e-14 8.030119420265577541e-34 1.797061151890225427e-86 1.834529802059231079e-108 0.000000000000000000e+00 0.000000000000000000e+00 0.000000000000000000e+00
6.282658166626262086e-02 4.406562318538057195e-03 4.217770526812367980e-13 1.089391673147375401e-44 9.674416999705126452e-95 0.000000000000000000e+00 0.000000000000000000e+00 0.000000000000000000e+00 0.000000000000000000e+00
6.798868496091588220e-02 9.812166333947238556e-04 5.489014441896767465e-12 4.522252952444570527e-75 2.802100300997090674e-136 0.000000000000000000e+00 0.000000000000000000e+00 0.000000000000000000e+00 0.000000000000000000e+00
7.954687537676637110e-02 6.346540050564832176e-03 8.453859468280106769e-14 1.736966101942880683e-58 0.000000000000000000e+00 0.000000000000000000e+00 0.000000000000000000e+00 0.000000000000000000e+00 0.000000000000000000e+00
8.292961786859211204e-02 1.245463440401143977e-03 3.292083243658481897e-22 1.297571837268615710e-64 0.000000000000000000e+00 0.000000000000000000e+00 0.000000000000000000e+00 0.000000000000000000e+00 0.000000000000000000e+00
7.684473894227585034e-02 1.029383597337726124e-05 2.753661831669238545e-29 1.995949933247314948e-123 0.000000000000000000e+00 0.000000000000000000e+00 0.000000000000000000e+00 0.000000000000000000e+00 0.000000000000000000e+00
8.356631486021338928e-02 2.003551792698869739e-06 2.442767542456041450e-55 0.000000000000000000e+00 0.000000000000000000e+00 0.000000000000000000e+00 0.000000000000000000e+00 0.000000000000000000e+00 0.000000000000000000e+00
7.151808836169384898e-02 4.115935382260857851e-06 1.537379742780848235e-56 0.000000000000000000e+00 0.000000000000000000e+00 0.000000000000000000e+00 0.000000000000000000e+00 0.000000000000000000e+00 0.000000000000000000e+00
6.664427550143926793e-02 1.888088906487146611e-06 1.082398967908738503e-64 0.000000000000000000e+00 0.000000000000000000e+00 0.000000000000000000e+00 0.000000000000000000e+00 0.000000000000000000e+00 0.000000000000000000e+00
