-2.005337988023997951e-03 -2.012541761281559129e-03 -2.019325574199138523e-03 -2.026717507563368867e-03 -2.033729968230737085e-03 -2.039876923501566814e-03 -2.046696276721319228e-03 -2.052694688211372312e-03 -9.773897643887646466e-03
-2.013938057704162034e-03 -2.029014292877818343e-03 -2.045852681292395676e-03 -2.061321277985304987e-03 -2.075069725781474115e-03 -2.091049360948899014e-03 -2.105807853282371314e-03 -2.119984910018247494e-03 -9.759407231066169128e-03
-2.030552242309695450e-03 -2.062736772335723497e-03 -2.094293927107908782e-03 -2.126353898312548143e-03 -2.157549726838404926e-03 -2.184683138499337197e-03 -2.213178339461899236e-03 -2.243383028152118059e-03 -9.784386734793750970e-03
-2.059860087244801824e-03 -2.123029990789627661e-03 -2.182951288709196122e-03 -2.243916929015746155e-03 -2.299088637186766804e-03 -2.356889495611688441e-03 -2.411779007350790729e-03 -2.464971595966049343e-03 -9.873451631302094036e-03
-2.115038092038916493e-03 -2.230412400172398450e-03 -2.340614844897462733e-03 -2.443513613845357379e-03 -2.554990568188046998e-03 -2.663028314010775725e-03 -2.755213680485690212e-03 -2.858340390576891155e-03 -1.010308101732044529e-02
-2.214466523056502628e-03 -2.416253034396945512e-03 -2.624154396179151187e-03 -2.807293719669778833e-03 -2.991919351468562156e-03 -3.159829295811385653e-03 -3.354495796326533667e-03 -3.521876701023702802e-03 -1.057984800928394795e-02
-2.383355324439364025e-03 -2.746423300759765623e-03 -3.110988706631945093e-03 -3.441894732467479928e-03 -3.767345307750775887e-03 -4.048714807356520312e-03 -4.348392343884888850e-03 -4.656614056470925918e-03 -1.145580173372228588e-02
-2.676438951917456920e-03 -3.313516475071731811e-03 -3.900788682114271835e-03 -4.506829494104861583e-03 -5.012688608421678009e-03 -5.542766202240781599e-03 -6.005726178028532314e-03 -6.451167098693675467e-03 -1.307908484797475936e-02
-3.177554555538685769e-03 -4.267961257729697630e-03 -5.309639865777779875e-03 -6.227516284718899280e-03 -7.108870855475473219e-03 -7.918970236063659074e-03 -8.618065182899141419e-03 -9.328370410083343042e-03 -1.563598707764494306e-02
-4.054732752515623727e-03 -5.951995570135479481e-03 -7.604658719646186643e-03 -9.179851957189089431e-03 -1.041953951519452096e-02 -1.172107448517915006e-02 -1.269089373650520575e-02 -1.366823371802513079e-02 -1.964912596970282491e-02
-5.492150785209552223e-03 -8.548183611462404144e-03 -1.120747154077131671e-02 -1.358639903889539112e-02 -1.556229933125968974e-02 -1.730669782305592486e-02 -1.858596073767939533e-02 -1.991316770809412398e-02 -2.526332774059184341e-02
-7.840930579376521881e-03 -1.280480828604462808e-02 -1.691367229042815834e-02 -2.034199875549724812e-02 -2.306931422244238444e-02 -2.516923826371953929e-02 -2.701991534185749916e-02 -2.832212639762270515e-02 -3.269508681165748942e-02
-1.161726862018874068e-02 -1.940559473455928316e-02 -2.548717782493030437e-02 -3.004365058347188006e-02 -3.337979000791474471e-02 -3.591689396240463350e-02 -3.755229277520071712e-02 -3.854462282996883732e-02 -4.165157693839449671e-02
-1.781551489319103607e-02 -2.893549616372732489e-02 -3.741989079711047911e-02 -4.342448839437438451e-02 -4.680681662951349797e-02 -4.905911247210884008e-02 -4.993825238913175701e-02 -4.966882005446523335e-02 -5.077911163809115114e-02
-2.623408626415662734e-02 -4.293359676336590269e-02 -5.361444399003954808e-02 -5.963416446347403338e-02 -6.257715193880754312e-02 -6.340844109734797285e-02 -6.190691552279139337e-02 -5.980675581814295233e-02 -5.708459798182102113e-02
-3.900252608010417593e-02 -6.194636402288775795e-02 -7.381989214462275628e-02 -7.927862482009534473e-02 -7.909283777130057813e-02 -7.664508105387710102e-02 -7.178708934181225743e-02 -6.581510402871842969e-02 -5.985786819426798522e-02
-5.638924652189155479e-02 -8.585364938178412231e-02 -9.779022101141475465e-02 -9.895442514205482487e-02 -9.379484374264913937e-02 -8.573913469427819900e-02 -7.659546082776631792e-02 -6.666420419047081047e-02 -5.673987179478560960e-02
-8.047996566796306039e-02 -1.140527117190138634e-01 -1.221463663276032979e-01 -1.162395174594031411e-01 -1.043864595090411851e-01 -8.945387884948340085e-02 -7.408053051529897570e-02 -6.087396494196515434e-02 -4.870133745006523934e-02
-1.099676008484890555e-01 -1.446779291834899561e-01 -1.443990178402365654e-01 -1.284485488776457851e-01 -1.066492754463239101e-01 -8.577618369359950312e-02 -6.620060725935110468e-02 -5.017834430027873216e-02 -3.608182568756723718e-02
-1.434400956481070022e-01 -1.756288342441815753e-01 -1.622705332425640190e-01 -1.334528826193553952e-01 -1.025978543969163492e-01 -7.510524179216297724e-02 -5.386503823071397273e-02 -3.660371108908264809e-02 -2.360556029142523923e-02
-1.831914883829862672e-01 -2.051427652906998578e-01 -1.734999578353065841e-01 -1.309823884173081654e-01 -9.259689043914721973e-02 -6.200532662776550574e-02 -3.867028322108043148e-02 -2.210606254596730533e-02 -1.074862077833609909e-02
-2.241585406074224907e-01 -2.287392593677714525e-01 -1.768519768616715337e-01 -1.228323597197955724e-01 -7.785836777469108683e-02 -4.518224113196911418e-02 -2.234725962872172872e-02 -9.336147064156335995e-03 -2.910451091066541558e-03
-2.651318408496895485e-01 -2.464000070260653485e-01 -1.749272256189302044e-01 -1.086812952908894486e-01 -5.967823223423208284e-02 -2.705420334287034212e-02 -9.099360763245488426e-03 -2.300267134959423782e-03 -5.362874962509290048e-04
-3.030684277505554247e-01 -2.568421573307084760e-01 -1.657035786903547359e-01 -9.134526341608402433e-02 -3.937845279718534680e-02 -1.132783396727307830e-02 -2.474991816089433614e-03 -4.183889438808695749e-04 -6.085126861181260635e-05
-3.384188075258224848e-01 -2.618306586360588106e-01 -1.535394325342374078e-01 -6.981286305055865726e-02 -2.017123230547315099e-02 -3.618176690223835843e-03 -4.838608833477088555e-04 -5.281565255663064749e-05 -1.249418008585660804e-05
-3.683351675833085315e-01 -2.610799671059191862e-01 -1.352166558098551741e-01 -4.528603840809020814e-02 -7.439423150765723386e-03 -8.671712327841018045e-04 -8.872334624727740192e-05 -6.624555904761192286e-06 -2.502325627898593491e-07
-3.942133982420948368e-01 -2.561935874061116447e-01 -1.107103017032789322e-01 -2.334858044688735076e-02 -2.474078428657345945e-03 -2.020938538102335920e-04 -1.332338491936982837e-05 -6.946877062804876272e-07 -3.084743359324845667e-08
-4.159196214938410963e-01 -2.476409360290504902e-01 -8.325685774003525885e-02 -9.933161715892672647e-03 -6.319289315586788542e-04 -3.657892037845698842e-05 -8.252933011889990013e-07 -2.626655035036431448e-07 -2.451250996957462717e-10
-4.322229803291207095e-01 -2.337449546046702076e-01 -5.334972782289525151e-02 -3.705261665603983880e-03 -1.636872854935964082e-04 -1.016158814730080144e-05 -1.587466707156612136e-07 -1.604733727714378547e-09 -3.970303980521743435e-13
-4.453419325933020145e-01 -2.117415711738271644e-01 -3.000472630731519999e-02 -1.210073685858189781e-03 -4.559783316478705064e-05 -1.095264752283928787e-06 -2.926038907873415450e-08 -1.304573351038254623e-10 -2.130238240152556628e-15
-4.539494551345885087e-01 -1.867229870893020172e-01 -1.438355799697496780e-02 -4.830798053984611132e-04 -1.358837162580988894e-05 -1.664909536950714447e-07 -1.869844389164383118e-10 -5.764600753799337310e-14 -8.916460752089974772e-20
-4.589281569244545445e-01 -1.515463763647924011e-01 -7.053058808576309277e-03 -1.399646168317876505e-04 -6.642325743032510625e-07 -7.700870396756694327e-10 -6.773856641830665378e-12 -3.243504352998577698e-17 -3.725604983793870385e-23
-4.627022607359421724e-01 -1.168141199345603398e-01 -3.331031169962443781e-03 -4.629316568382101142e-05 -1.044023340466695613e-07 -1.247139756918944047e-11 -5.437316886817670359e-16 -1.071905697668021357e-20 -3.910841767070688394e-30
-4.626209828244275957e-01 -8.315827312247828229e-02 -1.461273610334398818e-03 -8.460092029424666211e-06 -1.522608826301389212e-09 -4.218230658689991022e-12 -1.611635017143088614e-16 -4.011511531002107040e-23 -3.224396599267506863e-40
-4.604287699028009051e-01 -5.478217624373456912e-02 -5.719125778577771949e-04 -1.525662875257007125e-06 -2.706166350743514734e-08 -2.398640974921187341e-13 -7.481217228055389881e-18 -2.749405083732492429e-31 -8.690144688387559908e-45
-4.540928540625017718e-01 -3.423626265365749266e-02 -3.364124409642142710e-04 -1.478992048601844228e-07 -2.666893710921800421e-11 -1.899403357854320274e-15 -4.102814286112655570e-29 -1.693894804901611499e-37 -3.840348801540239153e-66
-4.455737818146471296e-01 -2.086253023838853179e-02 -9.346535861289892542e-05 -1.174965775807895650e-07 -1.897845947601206133e-13 -2.593274935457005111e-24 -3.882340928598016382e-33 -3.360988785859620059e-49 -2.062397785480363804e-107
-4.331029826291130091e-01 -1.218318846996314063e-02 -3.962154535311801680e-05 -3.456699154621166918e-09 -2.815105913992263643e-11 -1.232155698104774623e-24 -6.393171570871424077e-42 -3.048246537686282341e-71 -7.665445073731405640e-143
-4.191608281451921214e-01 -7.475095639713746562e-03 -1.562436126775496053e-05 -2.775552579994492126e-09 -3.874237805236381687e-19 -3.785759392702557520e-34 -9.300650685750207376e-61 -1.386499744959705318e-78 -2.549588652083921820e-197
-3.996776884637649463e-01 -4.443134268981175500e-03 -2.458028669273388920e-06 -3.620687077348841672e-13 -7.355701619852068375e-20 -4.152790475409017358e-31 -1.403150123059129267e-90 -1.211543312179859230e-113 -5.315364301695901114e-194
-3.755683923313993811e-01 -1.950731931366292719e-03 -4.564752185235711045e-06 -8.632887720171324182e-15 -7.855237108077220263e-37 -2.053843428477778516e-57 -1.965400049737130905e-118 -3.791245012582575579e-127 -1.065261730830549207e-295
-3.480015268536751916e-01 -1.544415085101261478e-03 -1.640212693012674124e-06 -5.512074939854085820e-20 -6.112763241795565930e-45 -5.601531336470043427e-74 -5.646590820473498151e-129 -2.416888483723505973e-173 0.000000000000000000e+00
-3.179302221160107411e-01 -6.270638872474615594e-04 -5.831788068140120773e-08 -6.968503708077657169e-30 -3.251772174384449076e-41 -5.520088556917205050e-122 -7.340294922417517687e-185 -1.568778768803358867e-226 0.000000000000000000e+00
-2.841614644553701052e-01 -4.753904897293499145e-04 -2.071902049895016555e-07 -9.098177282956531117e-13 -1.234643480009229891e-39 -4.383617497813688624e-133 -1.220997919690037560e-218 0.000000000000000000e+00 0.000000000000000000e+00
-2.484736858397067483e-01 -2.043322327497949092e-04 -6.912395515320833760e-14 -7.746377464958685651e-35 -3.428222238041071077e-96 -3.734732920599889431e-166 -2.377829694168572494e-227 0.000000000000000000e+00 0.000000000000000000e+00
-2.157016292249639144e-01 -2.129565866168099903e-04 -4.716744984756205941e-14 -5.573273539526517668e-41 -1.484524321266307056e-95 -6.409936540863683109e-239 0.000000000000000000e+00 0.000000000000000000e+00 0.000000000000000000e+00
-1.795649715243777811e-01 -3.205379554725752564e-05 -4.543323719237559616e-19 -9.461938166672808744e-68 -1.382650260442890196e-100 -1.671630531808874150e-242 0.000000000000000000e+00 0.000000000000000000e+00 0.000000000000000000e+00
-1.475782508276246852e-01 -9.404091409669457864e-05 -2.110930354645700686e-20 -3.376845019186695725e-92 -4.282060478932541816e-226 0.000000000000000000e+00 0.000000000000000000e+00 0.000000000000000000e+00 0.000000000000000000e+00
-1.212260917580069153e-01 -9.334455538809530162e-05 -8.495697701779461711e-36 -1.445102762997240253e-104 -6.284848283693610234e-288 0.000000000000000000e+00 0.000000000000000000e+00 0.000000000000000000e+00 0.000000000000000000e+00
-9.585770549384997619e-02 -6.357722139994060158e-06 -9.798059502294922596e-38 -3.731808718297116817e-106 -1.378443151897077858e-320 0.000000000000000000e+00 0.000000000000000000e+00 0.000000000000000000e+00 0.000000000000000000e+00
