1.151141509728462937e-06 1.857750188337963568e-06 2.301936984200355317e-06 2.503568269624076126e-06 6.378997018143903507e-06 7.051841856397511904e-06 8.585763500859825022e-06 8.564068646913526584e-06 1.081885086285124750e-05
2.226748966990071996e-06 3.284147903139667951e-06 4.395195696613557130e-06 4.707899992123189330e-06 1.115683610150010693e-05 1.313734004409079217e-05 1.334982797457211708e-05 1.484119353030692358e-05 1.530770062580304487e-05
3.893982552840064968e-06 5.682317500600316133e-06 7.112548525730976552e-06 9.153730380326118490e-06 1.679225078770956673e-05 2.238435977709607940e-05 2.315603678272222995e-05 2.859179714318584232e-05 3.060911240212338012e-05
6.382477138866478450e-06 9.812908914349973300e-06 1.396281256948725626e-05 1.613722842934308641e-05 3.670520482159067940e-05 3.784180044170977990e-05 3.861296834757639568e-05 4.663444171573821978e-05 4.724016288796684256e-05
1.139250364395865957e-05 1.985271876837236499e-05 2.486116326316241044e-05 2.626172911519806204e-05 5.352537755946596429e-05 6.572457320341368531e-05 7.878715334043708495e-05 8.818246135955082712e-05 9.131777886537186266e-05
2.020374441460166674e-05 2.868000510261318656e-05 4.039706788709266874e-05 5.115453232175821161e-05 1.189130110377481942e-04 1.058366988398834035e-04 1.370468785651393563e-04 1.264364416207740824e-04 1.757767434687188999e-04
3.922057541804289943e-05 6.303199745895008517e-05 7.195380979233707548e-05 8.539130487360785491e-05 1.910788726783359693e-04 2.237637560248710491e-04 2.347290229339386652e-04 2.220228316312501617e-04 2.460026157038683087e-04
6.181091277439460777e-05 1.085350604371655025e-04 1.231320768650348172e-04 1.365200268168956558e-04 3.053560884104150109e-04 3.572317676985000486e-04 3.855871761915007946e-04 3.736497720302930882e-04 4.753390477037584480e-04
1.217337968560101402e-04 1.696413192273105988e-04 1.813615476536784292e-04 2.222501263685632727e-04 5.015619424906650253e-04 5.738883101908255450e-04 5.866918892961130649e-04 6.460536284404653053e-04 7.538622401574390742e-04
1.714938165973010290e-04 2.554693717842711513e-04 3.126839182384864011e-04 3.390820601471653418e-04 8.942961767045712676e-04 8.921601273909700834e-04 1.048335448376191059e-03 1.073439439753513368e-03 1.036458024129101796e-03
3.369789774864710903e-04 4.720911686203670219e-04 5.270769924249812987e-04 5.287039088684521203e-04 1.435469873600655338e-03 1.252936620855780916e-03 1.353760849775167410e-03 1.440066698898714121e-03 1.231498032071222772e-03
4.964104651927592855e-04 6.164681994588901669e-04 7.658414972816241515e-04 8.102591658770371720e-04 1.947836835661224996e-03 2.039410495842297090e-03 1.777248289337551683e-03 1.867824988358631399e-03 1.960555307114273359e-03
8.812111704939830977e-04 9.293513026786304502e-04 1.141533961221230129e-03 1.042814905478927495e-03 2.766729230203429559e-03 2.716046477597544150e-03 2.876010634992375980e-03 2.502193399691676669e-03 2.521948154837258885e-03
1.301546882451097434e-03 1.417948849082132983e-03 1.582722282426010044e-03 1.595251746724376998e-03 2.876696350721717060e-03 3.066291332491781138e-03 2.761196924361366579e-03 3.204407224055533503e-03 3.326196707766427944e-03
1.727814185064620572e-03 1.975184503482636279e-03 2.007230269513892579e-03 1.848992352561097110e-03 3.996337837839466188e-03 4.003407638852525194e-03 3.139050542235519940e-03 3.809289674159883725e-03 3.109638431927602264e-03
2.607915541618087765e-03 2.516510114255712111e-03 2.377375913447954143e-03 2.241834938830262504e-03 4.237553510050564090e-03 4.160671255502988025e-03 3.426037610849503191e-03 3.615410582912395327e-03 3.458736212734604687e-03
3.295182687209459275e-03 3.152992173399342488e-03 2.432301533646227896e-03 2.447577146907336815e-03 4.090774235623671762e-03 4.493391051482728028e-03 4.450809228790396366e-03 3.682467053465508528e-03 3.420714352135261101e-03
3.885199571493316850e-03 3.529325137432860054e-03 2.632742711455708130e-03 2.527741537548607639e-03 5.157701929412397517e-03 4.625848478525076447e-03 4.351611408477473221e-03 3.936550073384539362e-03 3.723733784627103211e-03
5.206411478976494082e-03 3.433197164752546920e-03 2.689799191658688582e-03 2.122017102017282122e-03 4.841030615484006282e-03 5.108022989937672023e-03 5.043000829145246992e-03 4.167137954082247679e-03 3.931711252490885898e-03
5.269162701410764517e-03 4.208980275710109444e-03 2.363261878747352409e-03 2.138983066486938468e-03 6.190919642546957938e-03 6.239343720587835554e-03 4.427478367833995350e-03 4.752774019910208439e-03 3.687283083497175287e-03
5.145508751361354237e-03 3.523102536842747084e-03 2.572095102878372858e-03 2.570108326554217896e-03 6.957274811779078257e-03 6.118861298963300041e-03 6.426002378895618976e-03 4.118944820595596933e-03 3.232053270744458893e-03
6.379379263026689097e-03 2.948344020627235475e-03 2.504207081004280588e-03 2.997529546244162395e-03 8.910603402102800288e-03 7.118615577127403171e-03 5.543956789334166663e-03 2.912501590018024087e-03 1.602784207057229762e-03
5.954735636794787103e-03 2.277684567167498602e-03 2.747063214353495132e-03 3.115895969293700028e-03 8.798308842870047539e-03 8.192870252224235955e-03 4.291705444218025904e-03 1.435704264665470633e-03 7.744534220423327561e-04
5.127839113237605412e-03 2.016886200638401579e-03 3.082973389873805686e-03 3.517862237815885546e-03 1.144872632282167152e-02 6.575348773422385121e-03 2.494681465357136835e-03 1.171191358569947851e-03 1.098833331495496730e-04
4.933925435288278108e-03 2.117088593440118269e-03 3.668348962752492406e-03 4.106660482370729122e-03 9.424254329093502414e-03 3.968732273914775399e-03 7.491999539878269748e-04 6.634330227818614962e-05 7.468229682604479616e-05
4.596534710165777957e-03 2.748225771993072306e-03 4.469622271025296308e-03 3.759258529600904061e-03 5.077915136541061997e-03 2.201209777139183713e-03 4.070252380784847968e-05 2.908880461220178640e-05 8.950607118150891187e-07
4.115704900459233630e-03 3.221556054295297410e-03 5.972048523710550387e-03 3.591395762719850650e-03 4.883007241050909240e-03 6.360160123094450117e-04 7.455813128815765934e-05 6.269135474508790557e-05 2.603225731594071081e-07
3.335722810544657600e-03 4.479824730787299904e-03 6.646967553023737200e-03 2.661846078346195247e-03 9.238295870840826634e-04 2.141193382772206891e-04 1.661797272013813086e-05 3.057383525526252068e-08 1.579547446893047791e-09
2.307533063128720634e-03 4.965905723098722885e-03 5.749166941109967732e-03 1.371217382415365312e-03 7.466342103547923218e-04 2.540901376405870670e-05 3.397561338936891444e-08 3.945835418864843876e-09 3.198774649814772096e-12
2.872167838780984462e-03 7.546820777070990111e-03 5.388442330846617695e-03 7.847851488181497269e-04 1.429436719138399390e-05 1.059894431810685734e-06 1.442656936659624504e-07 7.404104069604517207e-12 2.118526495102793125e-14
2.660163158046677419e-03 7.917339146601917038e-03 3.937261687778771495e-03 7.149627804903691420e-04 1.297918428420534248e-04 2.714554185352724112e-09 1.634672505262972394e-10 3.597163028022014882e-17 7.709018945278290881e-19
2.676766413949568327e-03 1.007985037584330744e-02 2.848886657090296797e-03 2.429678714059229987e-04 5.725999794270576835e-05 7.289380767303044187e-08 7.729463023283944141e-12 3.882526100905581863e-15 3.705319114676298883e-22
2.534526379181209921e-03 9.388852006748061793e-03 2.124170637675463092e-03 1.487153387111732328e-04 5.690059574189977350e-10 2.641799753167835345e-12 4.430236107515740429e-15 3.766993809920989704e-28 3.891231821090990874e-29
3.631217206973658216e-03 1.054048921375901580e-02 1.276393599211161608e-03 2.215569233519709032e-05 2.399685160535960005e-11 3.513208123041383477e-10 6.884877514673340377e-24 3.033861688318111207e-36 2.583084616694834433e-39
4.537847113797702399e-03 7.217331826762012591e-03 6.521651604713030355e-04 5.371341898896646079e-06 1.380790046675039450e-11 7.864170989796647153e-24 1.087823484963781509e-27 7.620286780484074859e-44 8.646098286284529226e-44
5.112965033844727933e-03 7.884756434900665537e-03 7.491021476017744153e-04 8.737100316505251811e-07 7.319199607836170278e-16 7.884694517070389358e-20 1.561818639680046868e-32 5.032766509458493514e-55 3.821097054413383553e-65
6.313228390671259821e-03 6.290018770708412539e-03 2.446920156391770951e-04 9.345110468855518276e-07 1.845438153198726661e-17 5.508462467200553293e-34 7.485564355260920493e-54 9.767854766907022047e-79 1.570447819287516864e-106
7.741139131250983352e-03 5.007703227386623053e-03 1.602732621744568423e-04 2.449143777209151641e-08 4.490958818894776542e-20 8.334968346037097122e-47 4.050563009516087481e-57 1.424972978377096824e-87 5.072045071184395497e-142
8.927970245813892161e-03 4.002246785825926134e-03 1.346796454513126122e-04 2.685141738116501547e-08 2.760252033300923339e-25 1.202826347815871103e-62 7.212160806602502314e-87 3.046734218581078420e-127 0.000000000000000000e+00
8.411314247446949680e-03 2.713658010004059949e-03 8.824702094831075430e-06 1.912821310521019127e-12 9.458659533537015911e-24 1.763568780613563814e-84 1.108829531615036928e-77 0.000000000000000000e+00 0.000000000000000000e+00
1.000625273518369884e-02 1.726640781498266696e-03 4.140914424488682365e-05 7.882103158643047156e-14 5.967313436233691611e-72 3.432565536204084235e-83 3.585962821554423643e-114 7.372056771521575754e-162 0.000000000000000000e+00
1.237808615117357014e-02 1.670144829485357496e-03 1.467502845640638099e-05 5.447178197122266425e-19 1.797061151890225427e-86 1.834529802059231079e-108 0.000000000000000000e+00 0.000000000000000000e+00 0.000000000000000000e+00
1.242096518955173798e-02 1.236813747132394815e-03 5.647307118216655679e-07 6.930179002373464168e-29 9.674416999705126452e-95 0.000000000000000000e+00 0.000000000000000000e+00 0.000000000000000000e+00 0.000000000000000000e+00
1.415555093520453472e-02 9.465189937354918231e-04 1.859796459268788049e-06 9.052572095990446018e-12 2.802100300997090674e-136 0.000000000000000000e+00 0.000000000000000000e+00 0.000000000000000000e+00 0.000000000000000000e+00
1.444067341853893724e-02 5.842439137820404013e-04 6.255689584328262717e-13 7.707029620068650945e-34 0.000000000000000000e+00 0.000000000000000000e+00 0.000000000000000000e+00 0.000000000000000000e+00 0.000000000000000000e+00
1.625771121861464830e-02 7.317414305476023983e-04 4.678921792543725345e-13 5.545337132275228750e-40 0.000000000000000000e+00 0.000000000000000000e+00 0.000000000000000000e+00 0.000000000000000000e+00 0.000000000000000000e+00
1.855168702990506180e-02 1.262563366498849356e-04 3.137324808298977272e-18 9.414509493533846075e-67 0.000000000000000000e+00 0.000000000000000000e+00 0.000000000000000000e+00 0.000000000000000000e+00 0.000000000000000000e+00
1.809373242905094881e-02 4.669370009934014384e-04 2.100294749146189051e-19 3.359918371142410975e-91 0.000000000000000000e+00 0.000000000000000000e+00 0.000000000000000000e+00 0.000000000000000000e+00 0.000000000000000000e+00
1.654178848493978796e-02 4.884160406903947189e-04 8.449690265315007535e-35 1.437859094510318747e-103 0.000000000000000000e+00 0.000000000000000000e+00 0.000000000000000000e+00 0.000000000000000000e+00 0.000000000000000000e+00
1.580627737020235193e-02 5.245148345691056225e-05 9.745809057825091355e-37 3.713084414847206770e-105 0.000000000000000000e+00 0.000000000000000000e+00 0.000000000000000000e+00 0.000000000000000000e+00 0.000000000000000000e+00
