-9.966047929949251732e-03 -9.941651959520578577e-03 -9.918185927448863737e-03 -9.894221870997626372e-03 -9.869939563787137951e-03 -9.846441558441967196e-03 -9.824370244421242598e-03 -9.797984014623280918e-03 -9.773897643887646466e-03
-9.964046934029883659e-03 -9.938964463707457633e-03 -9.913191975608958220e-03 -9.887208892594699303e-03 -9.864338646589931175e-03 -9.838721051677695034e-03 -9.813621383987608873e-03 -9.787292856262059040e-03 -9.759407231066169128e-03
-9.967691587705357348e-03 -9.944409344531337028e-03 -9.920751235794979250e-03 -9.900883161379065572e-03 -9.876387549448922484e-03 -9.853802738242970274e-03 -9.832639493146786216e-03 -9.804358864407950597e-03 -9.784386734793750970e-03
-9.980689259386315432e-03 -9.967618001681034789e-03 -9.955839976933351237e-03 -9.945565775222188487e-03 -9.935488395891941757e-03 -9.917929245398674279e-03 -9.904736908101603385e-03 -9.895307138033200209e-03 -9.873451631302094036e-03
-1.001119540055505491e-02 -1.002805307763147101e-02 -1.004538339621760361e-02 -1.005973515619513689e-02 -1.007303894491866185e-02 -1.007010253645475480e-02 -1.009515213265622588e-02 -1.009772834016253555e-02 -1.010308101732044529e-02
-1.007613125788288724e-02 -1.015880500114142715e-02 -1.023242720180552595e-02 -1.030583060694241146e-02 -1.038916070896816340e-02 -1.042853991219820295e-02 -1.047568473696447629e-02 -1.051887672370966330e-02 -1.057984800928394795e-02
-1.020596028164378298e-02 -1.039888101547928496e-02 -1.059873252932259056e-02 -1.077126540161407568e-02 -1.092438572191593675e-02 -1.110881165965460320e-02 -1.125276391155030122e-02 -1.134033729286156728e-02 -1.145580173372228588e-02
-1.044469932560362219e-02 -1.087004243146027886e-02 -1.128219617101934233e-02 -1.164017693046899560e-02 -1.196977419276071437e-02 -1.226695273279308426e-02 -1.253383149999964981e-02 -1.279292410325929066e-02 -1.307908484797475936e-02
-1.089528639894712415e-02 -1.170821612388437197e-02 -1.246405954225385596e-02 -1.309440988267780367e-02 -1.383951178320287981e-02 -1.422122050434035563e-02 -1.472118246501403181e-02 -1.521988733150518927e-02 -1.563598707764494306e-02
-1.162895513017189221e-02 -1.312742982605768355e-02 -1.444734754266259816e-02 -1.562821827196058180e-02 -1.655170246427548064e-02 -1.769673207172987872e-02 -1.828803338407717499e-02 -1.877258381600056120e-02 -1.964912596970282491e-02
-1.301603809722216148e-02 -1.538158442916698863e-02 -1.775283742403836046e-02 -1.973101330883989674e-02 -2.122328690368683463e-02 -2.241498139872692003e-02 -2.385796448352773061e-02 -2.455512739770905270e-02 -2.526332774059184341e-02
-1.527654631604585984e-02 -1.942707296217192556e-02 -2.299801942988345324e-02 -2.598123584553421045e-02 -2.825865887561237674e-02 -3.001779517860326749e-02 -3.072378194224734474e-02 -3.242982500533073825e-02 -3.269508681165748942e-02
-1.851998895855262381e-02 -2.539861972431920953e-02 -3.091238341791659877e-02 -3.491847307775391984e-02 -3.800083174449574164e-02 -3.961272157446076025e-02 -4.123306797822350739e-02 -4.147954631370968925e-02 -4.165157693839449671e-02
-2.473044873740271390e-02 -3.496303711699974559e-02 -4.189463282478831513e-02 -4.744179013611212609e-02 -5.004560072572760560e-02 -5.195693992988894422e-02 -5.212903286384586860e-02 -5.233846805748004760e-02 -5.077911163809115114e-02
-3.240196548265018156e-02 -4.864640928676412096e-02 -5.841737658154324414e-02 -6.308370816594796593e-02 -6.543875801267974579e-02 -6.536742177871120163e-02 -6.368605718757593126e-02 -6.109614668584191499e-02 -5.708459798182102113e-02
-4.466754018318808833e-02 -6.561022615744332986e-02 -7.719541423723376428e-02 -8.163053802277474291e-02 -8.063404665320275666e-02 -7.784045594637852006e-02 -7.220698111905497762e-02 -6.725986546397308419e-02 -5.985786819426798522e-02
-6.224865019629070850e-02 -8.851941975442079169e-02 -9.964804841983472550e-02 -1.004027215651480814e-01 -9.528685085113021425e-02 -8.674397097186144212e-02 -7.679115191847060706e-02 -6.617697964903031249e-02 -5.673987179478560960e-02
-8.577604803936234035e-02 -1.167258218504660383e-01 -1.244731214660134977e-01 -1.178974660953814729e-01 -1.048599092543510414e-01 -8.976097286996351232e-02 -7.396693018762851013e-02 -5.988679832914788059e-02 -4.870133745006523934e-02
-1.140815269721015685e-01 -1.467926097445377553e-01 -1.456119801071943110e-01 -1.281271269343386421e-01 -1.072857225640777984e-01 -8.533748479566623246e-02 -6.594493502001252949e-02 -5.026920356571475818e-02 -3.608182568756723718e-02
-1.482296856600210100e-01 -1.777695868558123726e-01 -1.635286095383362559e-01 -1.331838312497864996e-01 -1.022652346879851654e-01 -7.599796976753406264e-02 -5.426303849084183895e-02 -3.601906227331386906e-02 -2.360556029142523923e-02
-1.862420995186942207e-01 -2.051491734522446209e-01 -1.741340007546410829e-01 -1.294880391672200426e-01 -9.338266748443529996e-02 -6.092994376697556669e-02 -3.843616872439788862e-02 -2.089737748143428650e-02 -1.074862077833609909e-02
-2.271562265587790397e-01 -2.291241609351180042e-01 -1.751910356915648559e-01 -1.227128001546158309e-01 -7.715648633047392235e-02 -4.472901538462885351e-02 -2.164211140236018197e-02 -8.902262628482277701e-03 -2.910451091066541558e-03
-2.683991799076816953e-01 -2.459579757883117723e-01 -1.751739926648998580e-01 -1.089132686366446195e-01 -5.898239065883494753e-02 -2.676651897515076872e-02 -8.780588829374928739e-03 -2.208387786714987016e-03 -5.362874962509290048e-04
-3.059928576659800559e-01 -2.565257699666529945e-01 -1.645883138875571250e-01 -9.271670638830403766e-02 -3.811486484635446398e-02 -1.165322570098965144e-02 -2.609550803477089960e-03 -4.769797476189669393e-04 -6.085126861181260635e-05
-3.392193754511744208e-01 -2.605622428623435294e-01 -1.500105887190983089e-01 -7.083885157037164704e-02 -1.754007522351634651e-02 -3.449601627402616028e-03 -4.692437320353716576e-04 -4.122235126190331188e-05 -1.249418008585660804e-05
-3.688719375036633163e-01 -2.603024634920439451e-01 -1.353409808826191441e-01 -4.179635598150866632e-02 -6.401319918565523057e-03 -6.524989711096161691e-04 -2.756837732223991772e-05 -5.329956642078131012e-06 -2.502325627898593491e-07
-3.939433670200721549e-01 -2.545540216979448322e-01 -1.134521142302862134e-01 -2.238949119551268685e-02 -2.565228371994257572e-03 -1.973985294174064489e-04 -1.813117627932996271e-05 -6.918865003846565538e-06 -3.084743359324845667e-08
-4.162753400896210820e-01 -2.480811639850391548e-01 -8.121997040015367653e-02 -1.090205829604288038e-02 -4.279176721873029329e-04 -3.381811353609042819e-05 -2.452507590914676603e-06 -5.027193859387209421e-09 -2.451250996957462717e-10
-4.322574134207987084e-01 -2.311765378160274276e-01 -5.212328631918426020e-02 -4.019429578943020838e-03 -1.982216866968542174e-04 -3.033311426024915454e-06 -9.093651014734420840e-09 -5.160981800020493040e-10 -3.970303980521743435e-13
-4.456596665855383499e-01 -2.067088597490181756e-01 -3.154338974082406682e-02 -1.239049631724337868e-03 -3.684508352561306983e-06 -1.946861553786719622e-07 -1.471133331317093439e-08 -7.776662015120607999e-13 -2.130238240152556628e-15
-4.549050822368675973e-01 -1.786083260890223290e-01 -1.450442151980083430e-02 -5.221821243731287077e-04 -1.395929260453802789e-05 -3.178875725682249956e-10 -2.076958625981182742e-11 -5.930978103378768920e-18 -8.916460752089974772e-20
-4.579690272194008593e-01 -1.538330865602877684e-01 -3.803620389072144472e-03 -4.978278460216261031e-05 -5.919824753059081351e-06 -7.541624421901639943e-09 -7.981937596118202381e-13 -4.725160745319582258e-16 -3.725604983793870385e-23
-4.600088692760500031e-01 -1.051947546967502978e-01 -3.608457775080525613e-03 -3.209848816049565875e-05 -1.076327601042851522e-10 -3.214891943660301045e-13 -4.701411201291918282e-16 -3.806741241421989566e-29 -3.910841767070688394e-30
-4.598841278862662585e-01 -7.366749848740854201e-02 -2.545696687917696401e-03 -1.005686068409688904e-06 -3.526492239895855873e-12 -3.988126683254214795e-11 -7.002051804619282843e-25 -4.727021145589063716e-37 -3.224396599267506863e-40
-4.590401785095943321e-01 -5.058599487922701976e-02 -1.218375930531449261e-03 -2.007995507693812352e-07 -1.393789486268879557e-12 -8.034154373865745561e-25 -1.093656391794263153e-28 -7.692223839617644169e-45 -8.690144688387559908e-45
-4.491927649419718560e-01 -3.089057379781899246e-02 -6.813441338801236086e-05 -4.830830802238226042e-09 -7.377083784711090063e-17 -7.928352779010825797e-21 -2.192924513227892388e-33 -5.065697796215407706e-56 -3.840348801540239153e-66
-4.485848009388483382e-01 -2.009393980005547489e-02 -3.557805076504640227e-04 -1.270545966526737603e-12 -1.879709507447374347e-18 -6.623737203570041078e-35 -7.523275246722685196e-55 -9.817128483418033949e-80 -2.062397785480363804e-107
-4.390728621661896813e-01 -1.194256368371433147e-02 -9.780948625000558532e-07 -1.483932836823336675e-11 -4.514108173648088748e-21 -1.063806297382545498e-47 -4.070969090243792150e-58 -1.432152546241402672e-88 -7.665445073731405640e-143
-4.185050377836005975e-01 -7.559518910620355477e-03 -2.009397854206336198e-06 -7.803786857760172713e-14 -2.774168811698383113e-26 -1.208887132496054432e-63 -7.248494340365914200e-88 -3.062083102718208847e-128 -2.549588652083921820e-197
-3.964832770058590028e-01 -4.458131230612612933e-03 -1.259151615022328296e-06 -2.973386901753289649e-18 -9.506310512866762843e-25 -1.773429282443518738e-85 -1.114415609949272295e-78 -4.644018617362683138e-189 -5.315364301695901114e-194
-3.659680409558044301e-01 -2.278789222624492874e-03 -1.108257429442018581e-10 -7.715257871155507550e-21 -6.011289330379578686e-73 -3.449858167240619424e-84 -3.604028239775819411e-115 -7.349521724615723430e-163 -1.065261730830549207e-295
-3.520045594266564826e-01 -8.490784516366374490e-04 -1.020141097906177820e-15 -8.070574401409143104e-35 -1.806119840616197007e-87 -1.843771824289524963e-109 -1.279433489394105677e-193 -7.820489699819587995e-301 0.000000000000000000e+00
-3.185439712556827896e-01 -6.759249038191157428e-04 -4.569196327431247583e-14 -1.119919788833842038e-45 -9.723154925320558048e-96 -1.624256960179007161e-191 -1.216722046057278180e-299 0.000000000000000000e+00 0.000000000000000000e+00
-2.669128348167104092e-01 -1.337048812908958975e-04 -5.516667082610381609e-13 -4.545053326353601622e-76 -2.816219239585375053e-137 -1.765435003809272051e-259 0.000000000000000000e+00 0.000000000000000000e+00 0.000000000000000000e+00
-2.457822763840469826e-01 -1.045806944328993510e-03 -8.507149160724808901e-15 -1.745716616275982446e-59 -6.617246803937228296e-174 -9.382359274493988727e-165 0.000000000000000000e+00 0.000000000000000000e+00 0.000000000000000000e+00
-1.961477397289852487e-01 -1.260851306716747439e-04 -3.308668150858088947e-23 -1.304139823429924427e-65 -1.360902092774192479e-258 0.000000000000000000e+00 0.000000000000000000e+00 0.000000000000000000e+00 0.000000000000000000e+00
-1.740599805359422103e-01 -1.164290105536392735e-06 -2.767534271263531905e-30 -2.006005160277651361e-124 -1.238919644690920275e-241 0.000000000000000000e+00 0.000000000000000000e+00 0.000000000000000000e+00 0.000000000000000000e+00
-1.393176745192673260e-01 -2.020925761125705520e-07 -2.455073754064572655e-56 -2.107033078706740041e-210 0.000000000000000000e+00 0.000000000000000000e+00 0.000000000000000000e+00 0.000000000000000000e+00 0.000000000000000000e+00
-1.094489838737993520e-01 -4.159066182685579738e-07 -1.545124777908233310e-57 -4.828647299965211267e-184 0.000000000000000000e+00 0.000000000000000000e+00 0.000000000000000000e+00 0.000000000000000000e+00 0.000000000000000000e+00
-9.604715452725696989e-02 -2.066542318773495365e-07 -1.087851893945824335e-65 -6.221494281585420533e-274 0.000000000000000000e+00 0.000000000000000000e+00 0.000000000000000000e+00 0.000000000000000000e+00 0.000000000000000000e+00
