-2.005337988023997951e-03 -2.012541761281559129e-03 -2.019325574199138523e-03 -2.026717507563368867e-03 -2.033729968230737085e-03 -9.846441558441967196e-03 -9.824370244421242598e-03 -9.797984014623280918e-03 -9.773897643887646466e-03
-2.013938057704162034e-03 -2.029014292877818343e-03 -2.045852681292395676e-03 -2.061321277985304987e-03 -2.075069725781474115e-03 -9.838721051677695034e-03 -9.813621383987608873e-03 -9.787292856262059040e-03 -9.759407231066169128e-03
-2.030552242309695450e-03 -2.062736772335723497e-03 -2.094293927107908782e-03 -2.126353898312548143e-03 -2.157549726838404926e-03 -9.853802738242970274e-03 -9.832639493146786216e-03 -9.804358864407950597e-03 -9.784386734793750970e-03
-2.059860087244801824e-03 -2.123029990789627661e-03 -2.182951288709196122e-03 -2.243916929015746155e-03 -2.299088637186766804e-03 -9.917929245398674279e-03 -9.904736908101603385e-03 -9.895307138033200209e-03 -9.873451631302094036e-03
-2.115038092038916493e-03 -2.230412400172398450e-03 -2.340614844897462733e-03 -2.443513613845357379e-03 -2.554990568188046998e-03 -1.007010253645475480e-02 -1.009515213265622588e-02 -1.009772834016253555e-02 -1.010308101732044529e-02
-2.214466523056502628e-03 -2.416253034396945512e-03 -2.624154396179151187e-03 -2.807293719669778833e-03 -2.991919351468562156e-03 -1.042853991219820295e-02 -1.047568473696447629e-02 -1.051887672370966330e-02 -1.057984800928394795e-02
-2.383355324439364025e-03 -2.746423300759765623e-03 -3.110988706631945093e-03 -3.441894732467479928e-03 -3.767345307750775887e-03 -1.110881165965460320e-02 -1.125276391155030122e-02 -1.134033729286156728e-02 -1.145580173372228588e-02
-2.676438951917456920e-03 -3.313516475071731811e-03 -3.900788682114271835e-03 -4.506829494104861583e-03 -5.012688608421678009e-03 -1.226695273279308426e-02 -1.253383149999964981e-02 -1.279292410325929066e-02 -1.307908484797475936e-02
-3.177554555538685769e-03 -4.267961257729697630e-03 -5.309639865777779875e-03 -6.227516284718899280e-03 -7.108870855475473219e-03 -1.422122050434035563e-02 -1.472118246501403181e-02 -1.521988733150518927e-02 -1.563598707764494306e-02
-4.054732752515623727e-03 -5.951995570135479481e-03 -7.604658719646186643e-03 -9.179851957189089431e-03 -1.041953951519452096e-02 -1.769673207172987872e-02 -1.828803338407717499e-02 -1.877258381600056120e-02 -1.964912596970282491e-02
-5.492150785209552223e-03 -8.548183611462404144e-03 -1.120747154077131671e-02 -1.358639903889539112e-02 -1.556229933125968974e-02 -2.241498139872692003e-02 -2.385796448352773061e-02 -2.455512739770905270e-02 -2.526332774059184341e-02
-7.840930579376521881e-03 -1.280480828604462808e-02 -1.691367229042815834e-02 -2.034199875549724812e-02 -2.306931422244238444e-02 -3.001779517860326749e-02 -3.072378194224734474e-02 -3.242982500533073825e-02 -3.269508681165748942e-02
-1.161726862018874068e-02 -1.940559473455928316e-02 -2.548717782493030437e-02 -3.004365058347188006e-02 -3.337979000791474471e-02 -3.961272157446076025e-02 -4.123306797822350739e-02 -4.147954631370968925e-02 -4.165157693839449671e-02
-1.781551489319103607e-02 -2.893549616372732489e-02 -3.741989079711047911e-02 -4.342448839437438451e-02 -4.680681662951349797e-02 -5.195693992988894422e-02 -5.212903286384586860e-02 -5.233846805748004760e-02 -5.077911163809115114e-02
-2.623408626415662734e-02 -4.293359676336590269e-02 -5.361444399003954808e-02 -5.963416446347403338e-02 -6.257715193880754312e-02 -6.536742177871120163e-02 -6.368605718757593126e-02 -6.109614668584191499e-02 -5.708459798182102113e-02
-3.900252608010417593e-02 -6.194636402288775795e-02 -7.381989214462275628e-02 -7.927862482009534473e-02 -7.909283777130057813e-02 -7.784045594637852006e-02 -7.220698111905497762e-02 -6.725986546397308419e-02 -5.985786819426798522e-02
-5.638924652189155479e-02 -8.585364938178412231e-02 -9.779022101141475465e-02 -9.895442514205482487e-02 -9.379484374264913937e-02 -8.674397097186144212e-02 -7.679115191847060706e-02 -6.617697964903031249e-02 -5.673987179478560960e-02
-8.047996566796306039e-02 -1.140527117190138634e-01 -1.221463663276032979e-01 -1.162395174594031411e-01 -1.043864595090411851e-01 -8.976097286996351232e-02 -7.396693018762851013e-02 -5.988679832914788059e-02 -4.870133745006523934e-02
-1.099676008484890555e-01 -1.446779291834899561e-01 -1.443990178402365654e-01 -1.284485488776457851e-01 -1.066492754463239101e-01 -8.533748479566623246e-02 -6.594493502001252949e-02 -5.026920356571475818e-02 -3.608182568756723718e-02
-1.434400956481070022e-01 -1.756288342441815753e-01 -1.622705332425640190e-01 -1.334528826193553952e-01 -1.025978543969163492e-01 -7.599796976753406264e-02 -5.426303849084183895e-02 -3.601906227331386906e-02 -2.360556029142523923e-02
-1.831914883829862672e-01 -2.051427652906998578e-01 -1.734999578353065841e-01 -1.309823884173081654e-01 -9.259689043914721973e-02 -6.092994376697556669e-02 -3.843616872439788862e-02 -2.089737748143428650e-02 -1.074862077833609909e-02
-2.241585406074224907e-01 -2.287392593677714525e-01 -1.768519768616715337e-01 -1.228323597197955724e-01 -7.785836777469108683e-02 -4.472901538462885351e-02 -2.164211140236018197e-02 -8.902262628482277701e-03 -2.910451091066541558e-03
-2.651318408496895485e-01 -2.464000070260653485e-01 -1.749272256189302044e-01 -1.086812952908894486e-01 -5.967823223423208284e-02 -2.676651897515076872e-02 -8.780588829374928739e-03 -2.208387786714987016e-03 -5.362874962509290048e-04
-3.030684277505554247e-01 -2.568421573307084760e-01 -1.657035786903547359e-01 -9.134526341608402433e-02 -3.937845279718534680e-02 -1.165322570098965144e-02 -2.609550803477089960e-03 -4.769797476189669393e-04 -6.085126861181260635e-05
-3.384188075258224848e-01 -2.618306586360588106e-01 -1.535394325342374078e-01 -6.981286305055865726e-02 -2.017123230547315099e-02 -3.449601627402616028e-03 -4.692437320353716576e-04 -4.122235126190331188e-05 -1.249418008585660804e-05
-3.683351675833085315e-01 -2.610799671059191862e-01 -1.352166558098551741e-01 -4.528603840809020814e-02 -7.439423150765723386e-03 -6.524989711096161691e-04 -2.756837732223991772e-05 -5.329956642078131012e-06 -2.502325627898593491e-07
-3.942133982420948368e-01 -2.561935874061116447e-01 -1.107103017032789322e-01 -2.334858044688735076e-02 -2.474078428657345945e-03 -1.973985294174064489e-04 -1.813117627932996271e-05 -6.918865003846565538e-06 -3.084743359324845667e-08
-4.159196214938410963e-01 -2.476409360290504902e-01 -8.325685774003525885e-02 -9.933161715892672647e-03 -6.319289315586788542e-04 -3.381811353609042819e-05 -2.452507590914676603e-06 -5.027193859387209421e-09 -2.451250996957462717e-10
-4.322229803291207095e-01 -2.337449546046702076e-01 -5.334972782289525151e-02 -3.705261665603983880e-03 -1.636872854935964082e-04 -3.033311426024915454e-06 -9.093651014734420840e-09 -5.160981800020493040e-10 -3.970303980521743435e-13
-4.453419325933020145e-01 -2.117415711738271644e-01 -3.000472630731519999e-02 -1.210073685858189781e-03 -4.559783316478705064e-05 -1.946861553786719622e-07 -1.471133331317093439e-08 -7.776662015120607999e-13 -2.130238240152556628e-15
-4.539494551345885087e-01 -1.867229870893020172e-01 -1.438355799697496780e-02 -4.830798053984611132e-04 -1.358837162580988894e-05 -3.178875725682249956e-10 -2.076958625981182742e-11 -5.930978103378768920e-18 -8.916460752089974772e-20
-4.589281569244545445e-01 -1.515463763647924011e-01 -7.053058808576309277e-03 -1.399646168317876505e-04 -6.642325743032510625e-07 -7.541624421901639943e-09 -7.981937596118202381e-13 -4.725160745319582258e-16 -3.725604983793870385e-23
-4.627022607359421724e-01 -1.168141199345603398e-01 -3.331031169962443781e-03 -4.629316568382101142e-05 -1.044023340466695613e-07 -3.214891943660301045e-13 -4.701411201291918282e-16 -3.806741241421989566e-29 -3.910841767070688394e-30
-4.626209828244275957e-01 -8.315827312247828229e-02 -1.461273610334398818e-03 -8.460092029424666211e-06 -1.522608826301389212e-09 -3.988126683254214795e-11 -7.002051804619282843e-25 -4.727021145589063716e-37 -3.224396599267506863e-40
-4.604287699028009051e-01 -5.478217624373456912e-02 -5.719125778577771949e-04 -1.525662875257007125e-06 -2.706166350743514734e-08 -8.034154373865745561e-25 -1.093656391794263153e-28 -7.692223839617644169e-45 -8.690144688387559908e-45
-4.540928540625017718e-01 -3.423626265365749266e-02 -3.364124409642142710e-04 -1.478992048601844228e-07 -2.666893710921800421e-11 -7.928352779010825797e-21 -2.192924513227892388e-33 -5.065697796215407706e-56 -3.840348801540239153e-66
-4.455737818146471296e-01 -2.086253023838853179e-02 -9.346535861289892542e-05 -1.174965775807895650e-07 -1.897845947601206133e-13 -6.623737203570041078e-35 -7.523275246722685196e-55 -9.817128483418033949e-80 -2.062397785480363804e-107
-4.331029826291130091e-01 -1.218318846996314063e-02 -3.962154535311801680e-05 -3.456699154621166918e-09 -2.815105913992263643e-11 -1.063806297382545498e-47 -4.070969090243792150e-58 -1.432152546241402672e-88 -7.665445073731405640e-143
-4.191608281451921214e-01 -7.475095639713746562e-03 -1.562436126775496053e-05 -2.775552579994492126e-09 -3.874237805236381687e-19 -1.208887132496054432e-63 -7.248494340365914200e-88 -3.062083102718208847e-128 -2.549588652083921820e-197
-3.996776884637649463e-01 -4.443134268981175500e-03 -2.458028669273388920e-06 -3.620687077348841672e-13 -7.355701619852068375e-20 -1.773429282443518738e-85 -1.114415609949272295e-78 -4.644018617362683138e-189 -5.315364301695901114e-194
-3.755683923313993811e-01 -1.950731931366292719e-03 -4.564752185235711045e-06 -8.632887720171324182e-15 -7.855237108077220263e-37 -3.449858167240619424e-84 -3.604028239775819411e-115 -7.349521724615723430e-163 -1.065261730830549207e-295
-3.480015268536751916e-01 -1.544415085101261478e-03 -1.640212693012674124e-06 -5.512074939854085820e-20 -6.112763241795565930e-45 -1.843771824289524963e-109 -1.279433489394105677e-193 -7.820489699819587995e-301 0.000000000000000000e+00
-3.179302221160107411e-01 -6.270638872474615594e-04 -5.831788068140120773e-08 -6.968503708077657169e-30 -3.251772174384449076e-41 -1.624256960179007161e-191 -1.216722046057278180e-299 0.000000000000000000e+00 0.000000000000000000e+00
-2.841614644553701052e-01 -4.753904897293499145e-04 -2.071902049895016555e-07 -9.098177282956531117e-13 -1.234643480009229891e-39 -1.765435003809272051e-259 0.000000000000000000e+00 0.000000000000000000e+00 0.000000000000000000e+00
-2.484736858397067483e-01 -2.043322327497949092e-04 -6.912395515320833760e-14 -7.746377464958685651e-35 -3.428222238041071077e-96 -9.382359274493988727e-165 0.000000000000000000e+00 0.000000000000000000e+00 0.000000000000000000e+00
-2.157016292249639144e-01 -2.129565866168099903e-04 -4.716744984756205941e-14 -5.573273539526517668e-41 -1.484524321266307056e-95 0.000000000000000000e+00 0.000000000000000000e+00 0.000000000000000000e+00 0.000000000000000000e+00
-1.795649715243777811e-01 -3.205379554725752564e-05 -4.543323719237559616e-19 -9.461938166672808744e-68 -1.382650260442890196e-100 0.000000000000000000e+00 0.000000000000000000e+00 0.000000000000000000e+00 0.000000000000000000e+00
-1.475782508276246852e-01 -9.404091409669457864e-05 -2.110930354645700686e-20 -3.376845019186695725e-92 -4.282060478932541816e-226 0.000000000000000000e+00 0.000000000000000000e+00 0.000000000000000000e+00 0.000000000000000000e+00
-1.212260917580069153e-01 -9.334455538809530162e-05 -8.495697701779461711e-36 -1.445102762997240253e-104 -6.284848283693610234e-288 0.000000000000000000e+00 0.000000000000000000e+00 0.000000000000000000e+00 0.000000000000000000e+00
-9.585770549384997619e-02 -6.357722139994060158e-06 -9.798059502294922596e-38 -3.731808718297116817e-106 -1.378443151897077858e-320 0.000000000000000000e+00 0.000000000000000000e+00 0.000000000000000000e+00 0.000000000000000000e+00
