1.151141509728462937e-06 1.857750188337963568e-06 2.301936984200355317e-06 2.503568269624076126e-06 3.187461870094868474e-06 3.747214491357740594e-06 4.627476455451913240e-06 5.468197515186458204e-06 1.081885086285124750e-05
2.226748966990071996e-06 3.284147903139667951e-06 4.395195696613557130e-06 4.707899992123189330e-06 5.099794863335591455e-06 7.994170753009073146e-06 8.062668880007767809e-06 8.396760235722428129e-06 1.530770062580304487e-05
3.893982552840064968e-06 5.682317500600316133e-06 7.112548525730976552e-06 9.153730380326118490e-06 1.105424821011239042e-05 1.169804876615251901e-05 1.233599504156565478e-05 1.432619766142253480e-05 3.060911240212338012e-05
6.382477138866478450e-06 9.812908914349973300e-06 1.396281256948725626e-05 1.613722842934308641e-05 1.825215158301567831e-05 2.281686307712708017e-05 2.247902644562409171e-05 2.249022581432202423e-05 4.724016288796684256e-05
1.139250364395865957e-05 1.985271876837236499e-05 2.486116326316241044e-05 2.626172911519806204e-05 3.045638129948138019e-05 3.703473959426111054e-05 3.942495769556246191e-05 4.285702907960992888e-05 9.131777886537186266e-05
2.020374441460166674e-05 2.868000510261318656e-05 4.039706788709266874e-05 5.115453232175821161e-05 5.845072273282304242e-05 5.502301128432699341e-05 7.265008652940456305e-05 6.997229668629830477e-05 1.757767434687188999e-04
3.922057541804289943e-05 6.303199745895008517e-05 7.195380979233707548e-05 8.539130487360785491e-05 9.677030282981102891e-05 1.024106291948659173e-04 9.573126537191793055e-05 1.162789193330765036e-04 2.460026157038683087e-04
6.181091277439460777e-05 1.085350604371655025e-04 1.231320768650348172e-04 1.365200268168956558e-04 1.427378660920198650e-04 1.749229419556776730e-04 1.908695311350649981e-04 1.950047231014884414e-04 4.753390477037584480e-04
1.217337968560101402e-04 1.696413192273105988e-04 1.813615476536784292e-04 2.222501263685632727e-04 2.396112839287467316e-04 2.697118574439806246e-04 2.673462121757935479e-04 2.874420388466962083e-04 7.538622401574390742e-04
1.714938165973010290e-04 2.554693717842711513e-04 3.126839182384864011e-04 3.390820601471653418e-04 4.202521805019988465e-04 3.929469759979400479e-04 4.063322285151376649e-04 4.759390371640498710e-04 1.036458024129101796e-03
3.369789774864710903e-04 4.720911686203670219e-04 5.270769924249812987e-04 5.287039088684521203e-04 5.571016762170465011e-04 5.859527956183865384e-04 6.149474171884873348e-04 6.866413934752565963e-04 1.231498032071222772e-03
4.964104651927592855e-04 6.164681994588901669e-04 7.658414972816241515e-04 8.102591658770371720e-04 8.841729133235961321e-04 9.561013749601967888e-04 7.715170242730852706e-04 9.267444973245328628e-04 1.960555307114273359e-03
8.812111704939830977e-04 9.293513026786304502e-04 1.141533961221230129e-03 1.042814905478927495e-03 1.189571955939815314e-03 1.183016935287182179e-03 1.150864516693444898e-03 1.173831655005270688e-03 2.521948154837258885e-03
1.301546882451097434e-03 1.417948849082132983e-03 1.582722282426010044e-03 1.595251746724376998e-03 1.557374726320249429e-03 1.510643065438456835e-03 1.442224849813136724e-03 1.433903594210293644e-03 3.326196707766427944e-03
1.727814185064620572e-03 1.975184503482636279e-03 2.007230269513892579e-03 1.848992352561097110e-03 1.906091766284677804e-03 1.659257160034665344e-03 1.601950903969819127e-03 1.602419215506232543e-03 3.109638431927602264e-03
2.607915541618087765e-03 2.516510114255712111e-03 2.377375913447954143e-03 2.241834938830262504e-03 2.037330921401285088e-03 1.571022682624499071e-03 1.506799379138455295e-03 1.753129000835648797e-03 3.458736212734604687e-03
3.295182687209459275e-03 3.152992173399342488e-03 2.432301533646227896e-03 2.447577146907336815e-03 1.953328273055647372e-03 1.918508993294949956e-03 1.676889667525896738e-03 1.616656212648391903e-03 3.420714352135261101e-03
3.885199571493316850e-03 3.529325137432860054e-03 2.632742711455708130e-03 2.527741537548607639e-03 2.151574387884112698e-03 1.922190617741503620e-03 1.623123816243411156e-03 1.609354309489828203e-03 3.723733784627103211e-03
5.206411478976494082e-03 3.433197164752546920e-03 2.689799191658688582e-03 2.122017102017282122e-03 1.819544752177543970e-03 2.009325558078692807e-03 2.027616547859630372e-03 1.749684126364626710e-03 3.931711252490885898e-03
5.269162701410764517e-03 4.208980275710109444e-03 2.363261878747352409e-03 2.138983066486938468e-03 2.328711606817856182e-03 2.267011904183517754e-03 1.687595163661630973e-03 1.850327303162695603e-03 3.687283083497175287e-03
5.145508751361354237e-03 3.523102536842747084e-03 2.572095102878372858e-03 2.570108326554217896e-03 2.241370479204885316e-03 2.355558750037715747e-03 1.801892912439794327e-03 1.524478392823830223e-03 3.232053270744458893e-03
6.379379263026689097e-03 2.948344020627235475e-03 2.504207081004280588e-03 2.997529546244162395e-03 2.463350418911653197e-03 2.230212404278116272e-03 1.967873588641389729e-03 1.122291081756812779e-03 1.602784207057229762e-03
5.954735636794787103e-03 2.277684567167498602e-03 2.747063214353495132e-03 3.115895969293700028e-03 2.769448668799638809e-03 2.261440404681923366e-03 1.166116502821142606e-03 4.597852889262779119e-04 7.744534220423327561e-04
5.127839113237605412e-03 2.016886200638401579e-03 3.082973389873805686e-03 3.517862237815885546e-03 3.463703548274545824e-03 1.560223513249522215e-03 5.811069660861337962e-04 1.633075388218338444e-04 1.098833331495496730e-04
4.933925435288278108e-03 2.117088593440118269e-03 3.668348962752492406e-03 4.106660482370729122e-03 2.506648388557682332e-03 1.026249905837723318e-03 2.321489123798984938e-04 3.385266015111175442e-05 7.468229682604479616e-05
4.596534710165777957e-03 2.748225771993072306e-03 4.469622271025296308e-03 3.759258529600904061e-03 1.524860050349360376e-03 4.697157621367406511e-04 8.444869680210900223e-05 9.226335897191079789e-06 8.950607118150891187e-07
4.115704900459233630e-03 3.221556054295297410e-03 5.972048523710550387e-03 3.591395762719850650e-03 9.506421130712367504e-04 1.930912499350037354e-04 2.362673939557915047e-05 1.616632175958809578e-06 2.603225731594071081e-07
3.335722810544657600e-03 4.479824730787299904e-03 6.646967553023737200e-03 2.661846078346195247e-03 4.799898497216886295e-04 6.574529968923835226e-05 2.564371132164451297e-06 1.086650995440491347e-06 1.579547446893047791e-09
2.307533063128720634e-03 4.965905723098722885e-03 5.749166941109967732e-03 1.371217382415365312e-03 1.699926292693456102e-04 5.836685663538200390e-05 4.688479469475378334e-07 7.631807955380590788e-09 3.198774649814772096e-12
2.872167838780984462e-03 7.546820777070990111e-03 5.388442330846617695e-03 7.847851488181497269e-04 8.604613636073204141e-05 3.493940973318520381e-06 2.673460228914809922e-07 1.047576721814724543e-09 2.118526495102793125e-14
2.660163158046677419e-03 7.917339146601917038e-03 3.937261687778771495e-03 7.149627804903691420e-04 6.893709852212808549e-05 6.921654439433255817e-07 8.470160879280881261e-10 5.000094355462238142e-13 7.709018945278290881e-19
2.676766413949568327e-03 1.007985037584330744e-02 2.848886657090296797e-03 2.429678714059229987e-04 1.608983728145505883e-06 3.823980658118126373e-09 5.061780119417785628e-11 1.892455703390703907e-16 3.705319114676298883e-22
2.534526379181209921e-03 9.388852006748061793e-03 2.124170637675463092e-03 1.487153387111732328e-04 3.307200746255139692e-07 4.930281311184043029e-11 4.446519546185319918e-15 9.496082879203830956e-20 3.891231821090990874e-29
3.631217206973658216e-03 1.054048921375901580e-02 1.276393599211161608e-03 2.215569233519709032e-05 9.254062593015624183e-09 3.698835378438642247e-11 1.308161681890281157e-15 2.746906701218876453e-22 2.583084616694834433e-39
4.537847113797702399e-03 7.217331826762012591e-03 6.521651604713030355e-04 5.371341898896646079e-06 2.608430814917843161e-07 1.642195789450179674e-12 7.443716923809410153e-17 2.735114423280174726e-30 8.646098286284529226e-44
5.112965033844727933e-03 7.884756434900665537e-03 7.491021476017744153e-04 8.737100316505251811e-07 2.319868035393794951e-10 1.889384707669363513e-14 4.069699085413006811e-28 1.677657635751030934e-36 3.821097054413383553e-65
6.313228390671259821e-03 6.290018770708412539e-03 2.446920156391770951e-04 9.345110468855518276e-07 1.401805579446112283e-12 1.751217866045239057e-23 3.862876301701618525e-32 3.344105740974896632e-48 1.570447819287516864e-106
7.741139131250983352e-03 5.007703227386623053e-03 1.602732621744568423e-04 2.449143777209151641e-08 2.800923703806670933e-10 1.225979439944767453e-23 6.361125396143781693e-41 3.032875081257076965e-70 5.072045071184395497e-142
8.927970245813892161e-03 4.002246785825926134e-03 1.346796454513126122e-04 2.685141738116501547e-08 2.742452097848887447e-18 3.766763418182679732e-33 9.254008614308488132e-60 1.379549827786437939e-77 0.000000000000000000e+00
8.411314247446949680e-03 2.713658010004059949e-03 8.824702094831075430e-06 1.912821310521019127e-12 5.669816479391288783e-19 4.131974307544219808e-30 1.385740769158583835e-89 1.205371985562805330e-112 0.000000000000000000e+00
1.000625273518369884e-02 1.726640781498266696e-03 4.140914424488682365e-05 7.882103158643047156e-14 7.815862224987035729e-36 2.038203513555773566e-56 1.955331665218588093e-117 3.772241158381704493e-126 0.000000000000000000e+00
1.237808615117357014e-02 1.670144829485357496e-03 1.467502845640638099e-05 5.447178197122266425e-19 6.046814869440321092e-44 5.309485360630302065e-73 5.618286928852688336e-128 0.000000000000000000e+00 0.000000000000000000e+00
1.242096518955173798e-02 1.236813747132394815e-03 5.647307118216655679e-07 6.930179002373464168e-29 3.235472461842897806e-40 5.482270275976917584e-121 0.000000000000000000e+00 0.000000000000000000e+00 0.000000000000000000e+00
1.415555093520453472e-02 9.465189937354918231e-04 1.859796459268788049e-06 9.052572095990446018e-12 1.228454751914782028e-38 4.361644277106571786e-132 0.000000000000000000e+00 0.000000000000000000e+00 0.000000000000000000e+00
1.444067341853893724e-02 5.842439137820404013e-04 6.255689584328262717e-13 7.707029620068650945e-34 2.459657179683339480e-95 0.000000000000000000e+00 0.000000000000000000e+00 0.000000000000000000e+00 0.000000000000000000e+00
1.625771121861464830e-02 7.317414305476023983e-04 4.678921792543725345e-13 5.545337132275228750e-40 1.477083049477245568e-94 0.000000000000000000e+00 0.000000000000000000e+00 0.000000000000000000e+00 0.000000000000000000e+00
1.855168702990506180e-02 1.262563366498849356e-04 3.137324808298977272e-18 9.414509493533846075e-67 1.375719639052871824e-99 0.000000000000000000e+00 0.000000000000000000e+00 0.000000000000000000e+00 0.000000000000000000e+00
1.809373242905094881e-02 4.669370009934014384e-04 2.100294749146189051e-19 3.359918371142410975e-91 0.000000000000000000e+00 0.000000000000000000e+00 0.000000000000000000e+00 0.000000000000000000e+00 0.000000000000000000e+00
1.654178848493978796e-02 4.884160406903947189e-04 8.449690265315007535e-35 1.437859094510318747e-103 0.000000000000000000e+00 0.000000000000000000e+00 0.000000000000000000e+00 0.000000000000000000e+00 0.000000000000000000e+00
1.580627737020235193e-02 5.245148345691056225e-05 9.745809057825091355e-37 3.713084414847206770e-105 0.000000000000000000e+00 0.000000000000000000e+00 0.000000000000000000e+00 0.000000000000000000e+00 0.000000000000000000e+00
