3.315017687074831888e-04 1.015989387755102244e-03 1.371740952380952512e-03 1.603232925170067951e-03 2.227044309381433305e-03 2.276590138221743290e-03 2.331789922556611744e-03 2.338383295755318107e-03 2.364633271247916588e-03
3.214631292517007815e-04 1.015818412698412916e-03 1.389742947845805333e-03 1.599700952380953087e-03 2.242449073620233265e-03 2.303352514459366864e-03 2.334861386138613847e-03 2.357981472404666479e-03 2.375417998235467704e-03
3.433805895691610785e-04 1.012864126984127245e-03 1.390849886621315637e-03 1.572903854875283471e-03 2.250872561513577071e-03 2.291575237721792460e-03 2.335866091559650731e-03 2.355726007254190998e-03 2.367564846583668572e-03
3.325329705215420589e-04 1.033457959183673889e-03 1.399880544217687022e-03 1.632393378684807248e-03 2.259850308793255602e-03 2.290948142338987067e-03 2.348757376727772170e-03 2.370748259974512183e-03 2.391683560435251509e-03
3.225170068027211762e-04 1.043011609977324448e-03 1.401909841269841344e-03 1.593985124716553511e-03 2.252425448485442967e-03 2.321259778453093215e-03 2.334339574551514383e-03 2.357983236937555207e-03 2.388151945887658379e-03
3.394204988662132580e-04 1.037369886621315436e-03 1.388111927437641908e-03 1.593210975056689755e-03 2.245557690422507382e-03 2.332011861582198101e-03 2.368169003038917905e-03 2.373208018821684143e-03 2.386933339868640546e-03
3.401303401360544786e-04 1.036817959183673667e-03 1.373169342403628493e-03 1.609023854875283851e-03 2.281316439564748996e-03 2.330433388883442619e-03 2.371116067052249973e-03 2.397364866189589591e-03 2.395169787275757550e-03
3.106791836734694575e-04 1.032100770975057005e-03 1.418908390022676240e-03 1.617908117913832494e-03 2.333871875306342981e-03 2.365461719439270871e-03 2.369177825703362543e-03 2.393458190373493229e-03 2.412417213998627880e-03
3.572097052154195773e-04 1.039259047619047653e-03 1.433082267573696292e-03 1.653440090702948135e-03 2.309930300950887010e-03 2.379627291442015964e-03 2.406794922066464275e-03 2.404675522007646091e-03 2.416321144985785884e-03
3.403837641723357448e-04 1.022870294784580802e-03 1.426752471655329041e-03 1.626998911564626026e-03 2.344125575923929061e-03 2.387975492598765244e-03 2.416446524850505116e-03 2.421791098911871710e-03 2.413159298108028938e-03
3.488429024943312529e-04 1.064576507936508196e-03 1.432548752834467143e-03 1.653634648526077205e-03 2.393793451622390055e-03 2.418751494951475872e-03 2.417997255171061653e-03 2.417947848250171644e-03 2.411718851093030448e-03
3.458512471655329334e-04 1.064198367346939032e-03 1.447180770975056967e-03 1.677412335600907394e-03 2.412284579943143204e-03 2.413474855406333094e-03 2.417568669738260657e-03 2.407247524752475359e-03 2.395220272522301588e-03
3.511785941043085051e-04 1.110886984126984063e-03 1.522011156462585489e-03 1.709755374149659907e-03 2.423891285168120521e-03 2.413855896480737642e-03 2.402397019900010151e-03 2.390372904617194937e-03 2.377714243701597920e-03
3.506638548752834912e-04 1.135199546485261054e-03 1.550543582766440503e-03 1.748196281179138821e-03 2.411328105087736599e-03 2.396676110185276629e-03 2.382153024213312913e-03 2.362801882168415017e-03 2.350768061954710067e-03
3.534959637188208941e-04 1.158939410430839161e-03 1.588641269841270217e-03 1.823069931972788951e-03 2.391440741103814053e-03 2.369905695520047647e-03 2.348653759435349701e-03 2.324829134398588223e-03 2.302383687873738732e-03
3.797150113378685568e-04 1.206862947845805051e-03 1.688331609977324673e-03 1.946591564625850534e-03 2.366142240956769192e-03 2.336598666797373020e-03 2.306743848642290109e-03 2.270565238702088040e-03 2.236356043525144534e-03
3.688793650793652473e-04 1.307477097505669369e-03 1.817889070294784366e-03 2.086436281179138673e-03 2.327792079207921007e-03 2.283232428193314630e-03 2.249682972257621878e-03 2.206136359180472725e-03 2.162331242035094199e-03
3.971002267573697200e-04 1.377255328798186566e-03 1.996034104308390313e-03 2.155909297052154699e-03 2.266032055680815716e-03 2.182317321831192796e-03 2.119836878737378812e-03 2.020297813939809974e-03 1.743326536614058214e-03
3.924419047619048741e-04 1.611730340136054759e-03 2.146245895691610475e-03 2.049788117913832648e-03 2.129931771394961201e-03 1.890464660327418949e-03 1.498181060680325687e-03 7.666455249485345548e-04 2.425800411724340314e-04
3.977593650793651470e-04 1.873065124716553637e-03 2.098097324263038452e-03 1.835289342403628385e-03 1.455000392118420112e-03 6.139626507205177405e-04 7.439230467601214494e-04 1.306116145475933778e-02 7.326769091265561418e-02
3.848320181405896615e-04 2.060954920634920987e-03 1.891287619047619332e-03 1.404798004535147719e-03 3.357163023233016561e-04 9.731002352710517792e-03 6.517906117047349290e-02 2.567081640035290269e-01 5.197455476914026873e-01
2.156534240362812434e-04 1.685412063492063668e-03 1.425415963718821080e-03 5.066383673469389021e-04 2.731627369865698846e-02 1.541574285854327986e-01 4.424012571316536802e-01 7.075012374277033222e-01 8.342500203901576095e-01
1.986296598639456282e-04 8.143949206349206972e-04 4.735413151927438786e-04 6.787609977324260153e-04 2.166576424860307548e-01 5.305047319870600520e-01 7.775645986667973908e-01 8.555981527301242950e-01 8.714661484168217953e-01
1.195319727891156636e-04 5.002612244897958389e-05 6.220518820861676559e-04 2.075374784580498802e-02 5.523759754925987586e-01 7.943990256837565322e-01 8.609338994216251262e-01 8.723511559651012659e-01 8.759989595137731566e-01
3.860267573696143776e-04 1.713488979591836240e-03 1.325946376417233390e-02 1.204439809523809579e-01 7.770232653661404143e-01 8.601259781393980619e-01 8.732967671796881826e-01 8.772608805999410064e-01 8.791105858249188554e-01
3.871503038548753262e-03 8.379945487528343839e-03 6.128077251700680961e-02 3.440058906122448468e-01 8.491625498480539491e-01 8.741519861778255240e-01 8.782344228997155389e-01 8.797954874031956862e-01 8.809772901676307111e-01
1.028433433106575902e-02 2.341299192743764163e-02 1.698104609523810038e-01 5.840732959637187083e-01 8.681251622389959399e-01 8.775066532692874510e-01 8.799207709048126880e-01 8.815226587589450880e-01 8.831138035486715276e-01
2.572676117913831953e-02 5.273420589569161043e-02 3.443314870748299672e-01 7.412567426757368239e-01 8.757231712577197014e-01 8.802811540045091254e-01 8.824603204587784244e-01 8.836643025193606782e-01 8.846715417115967872e-01
3.861521605442176652e-02 9.804625795918367470e-02 5.354121073922901708e-01 7.981653648979589732e-01 8.797050723458481603e-01 8.827046816978726396e-01 8.841910890108812815e-01 8.850328227624743027e-01 8.872660608763845991e-01
5.198740662131519363e-02 1.677464966893424392e-01 6.693338895238093444e-01 8.402427389569160354e-01 8.828232377217919424e-01 8.843906983629055141e-01 8.860206751298891348e-01 8.872958401137143181e-01 8.876728690324479087e-01
6.391772081632654534e-02 2.603988771882086439e-01 7.556351133786849417e-01 8.535025007709748923e-01 8.840873185962159209e-01 8.861102996765021222e-01 8.872658746201349533e-01 8.883929694147632006e-01 8.892799102048818405e-01
7.163511446712017561e-02 3.921362065306121525e-01 8.000521719727891057e-01 8.621379034920633178e-01 8.858661141064598787e-01 8.876652393882951131e-01 8.889773506518967583e-01 8.898771822370357132e-01 8.899779462797764440e-01
7.957857687074830488e-02 5.111015629931972004e-01 8.249013993650793353e-01 8.675464396371882492e-01 8.879243429075580618e-01 8.892590623468287214e-01 8.899704576021957303e-01 8.907683281050877699e-01 8.917142700715616765e-01
8.605517160997733228e-02 6.178397607256236324e-01 8.456642850793649746e-01 8.702363701587302325e-01 8.892683597686499297e-01 8.902041053818251504e-01 8.914504493677090080e-01 8.920807196353295332e-01 8.923519047152239647e-01
9.413078167800455198e-02 6.841663505668933443e-01 8.561256882539681756e-01 8.718519591836733085e-01 8.901573794726006517e-01 8.915085761199879055e-01 8.924603668267815371e-01 8.928120856778746228e-01 8.933134845603372121e-01
1.052951676190476415e-01 7.517915967346937567e-01 8.642814682993197328e-01 8.739424282086164508e-01 8.913572234094694346e-01 8.923893547691400530e-01 8.930515623958433791e-01 8.934501665522986968e-01 8.938170711694931603e-01
1.245863139229025085e-01 7.824794934240363320e-01 8.687705906575964310e-01 8.753370840816324661e-01 8.923705662189981291e-01 8.931769296147435977e-01 8.938151853739829678e-01 8.941690403881971116e-01 8.943825469071658985e-01
1.493627616326530794e-01 8.109469114739228379e-01 8.722143844897958243e-01 8.771539445804985569e-01 8.933229533379080101e-01 8.939555626899321483e-01 8.945041937064993620e-01 8.948432011567492017e-01 8.951092374277029862e-01
1.850917450340136550e-01 8.178953463945579649e-01 8.746409896598639211e-01 8.782835332426303099e-01 8.937702480149002371e-01 8.945398373688852045e-01 8.950136043525144247e-01 8.952796517988431679e-01 8.955345046564062716e-01
2.289700986848073050e-01 8.359627834013604319e-01 8.757811151927437088e-01 8.788940293877548493e-01 8.944330647975685666e-01 8.949630390157825577e-01 8.954632932065481610e-01 8.957799687285560308e-01 8.961585406332711612e-01
2.807175760544217691e-01 8.518827286167798274e-01 8.772772604081632286e-01 8.794494830839002519e-01 8.950829576512105978e-01 8.955194700519555351e-01 8.958642923242818856e-01 8.961604242721301627e-01 8.963441444956378179e-01
3.399682314739227440e-01 8.583029031292513933e-01 8.785228282993198246e-01 8.798084939682538907e-01 8.956413219292226335e-01 8.959655490638174236e-01 8.961997789432406547e-01 8.965728618762867086e-01 8.966535021076365020e-01
4.011108153287982203e-01 8.664540297505669564e-01 8.794370118820858950e-01 8.805804433560088240e-01 8.959655080874423527e-01 8.964210149004998573e-01 8.966440825409273119e-01 8.968691400843052941e-01 8.969160077443387724e-01
4.709706180498865469e-01 8.704605491156460761e-01 8.798549453061226266e-01 8.808324913378683396e-01 8.962953667287520965e-01 8.967041423389864319e-01 8.969572370355847202e-01 8.969347327712968720e-01 8.971485302421331465e-01
5.385668643990928484e-01 8.748162857142854909e-01 8.803517166439910335e-01 8.814689932879816725e-01 8.967228432506615388e-01 8.970134928928537033e-01 8.970997816880696973e-01 8.972891949808839973e-01 8.973323322223309972e-01
5.889434264852606571e-01 8.760711566439907116e-01 8.808379043990928192e-01 8.818982039909295523e-01 8.969084967160081412e-01 8.971954310361729412e-01 8.973867226742475722e-01 8.974936550338200592e-01 8.976268563866287575e-01
6.394688224943309018e-01 8.783486296598639331e-01 8.812133081179137628e-01 8.821629622675735138e-01 8.971560430349966309e-01 8.973586153318300340e-01 8.975405668071758658e-01 8.975818376629740580e-01 8.977487923732967445e-01
6.820767502040816499e-01 8.793435032199546919e-01 8.817104304761903544e-01 8.824152125170067196e-01 8.973586027840407819e-01 8.975124122144886307e-01 8.976193581021467693e-01 8.977713017351240943e-01 8.979270422507594773e-01
7.233940923356008135e-01 8.800093895691608603e-01 8.821254271201814934e-01 8.827695036734691802e-01 8.974692736006272265e-01 8.976418760905791050e-01 8.978182176257228919e-01 8.979570696990490930e-01 8.978913938829525820e-01
7.489860725623583848e-01 8.807396224036281307e-01 8.823758848072560390e-01 8.829395229931971123e-01 8.977019100088223791e-01 8.978257135574944092e-01 8.979364239780411872e-01 8.980077311047937050e-01 8.980339969610823259e-01
