1.147122438976571008e-03 1.798204097637486933e-03 2.022784628957945748e-03 2.188060778355063914e-03 0.000000000000000000e+00 0.000000000000000000e+00 0.000000000000000000e+00 0.000000000000000000e+00 0.000000000000000000e+00
1.143625428879521851e-03 1.843614351534163471e-03 2.056229585334771667e-03 2.178062248799137249e-03 0.000000000000000000e+00 0.000000000000000000e+00 0.000000000000000000e+00 0.000000000000000000e+00 0.000000000000000000e+00
1.224802176257229827e-03 1.812961278306048649e-03 2.067338594255465744e-03 2.196022056661111298e-03 0.000000000000000000e+00 0.000000000000000000e+00 0.000000000000000000e+00 0.000000000000000000e+00 0.000000000000000000e+00
1.205032447799235388e-03 1.849853053622194186e-03 2.065916478776590529e-03 2.181330065679835256e-03 0.000000000000000000e+00 0.000000000000000000e+00 0.000000000000000000e+00 0.000000000000000000e+00 0.000000000000000000e+00
1.234248799137339491e-03 1.818573473188902969e-03 2.055048720713655713e-03 2.170511322419370684e-03 0.000000000000000000e+00 0.000000000000000000e+00 0.000000000000000000e+00 0.000000000000000000e+00 0.000000000000000000e+00
1.211306342515440157e-03 1.855229879423586159e-03 2.065445152436035537e-03 2.196896186648368034e-03 0.000000000000000000e+00 0.000000000000000000e+00 0.000000000000000000e+00 0.000000000000000000e+00 0.000000000000000000e+00
1.238950102931085477e-03 1.858040584256445780e-03 2.050137241446917200e-03 2.217051367512989490e-03 0.000000000000000000e+00 0.000000000000000000e+00 0.000000000000000000e+00 0.000000000000000000e+00 0.000000000000000000e+00
1.260120968532497032e-03 1.838471816488579597e-03 2.110957749240270631e-03 2.210236643466327502e-03 0.000000000000000000e+00 0.000000000000000000e+00 0.000000000000000000e+00 0.000000000000000000e+00 0.000000000000000000e+00
1.310065385746495524e-03 1.843085677874718763e-03 2.149034506420939225e-03 2.257764532888932411e-03 0.000000000000000000e+00 0.000000000000000000e+00 0.000000000000000000e+00 0.000000000000000000e+00 0.000000000000000000e+00
1.260245172041956968e-03 1.933045093618272845e-03 2.159904813253602732e-03 2.290462209587295489e-03 0.000000000000000000e+00 0.000000000000000000e+00 0.000000000000000000e+00 0.000000000000000000e+00 0.000000000000000000e+00
1.246613567297324065e-03 1.960969708852073733e-03 2.199486618958925842e-03 2.331091363591805080e-03 0.000000000000000000e+00 0.000000000000000000e+00 0.000000000000000000e+00 0.000000000000000000e+00 0.000000000000000000e+00
1.289640231349867749e-03 2.033206450348005491e-03 2.261985687677678467e-03 2.380132339966670348e-03 0.000000000000000000e+00 0.000000000000000000e+00 0.000000000000000000e+00 0.000000000000000000e+00 0.000000000000000000e+00
1.373300558768748110e-03 2.117228114890697295e-03 2.348100676404274272e-03 2.413279482403686386e-03 0.000000000000000000e+00 0.000000000000000000e+00 0.000000000000000000e+00 0.000000000000000000e+00 0.000000000000000000e+00
1.384914910302911719e-03 2.171443093814332502e-03 2.403331634153514293e-03 2.420334477012057138e-03 0.000000000000000000e+00 0.000000000000000000e+00 0.000000000000000000e+00 0.000000000000000000e+00 0.000000000000000000e+00
1.431724242721301712e-03 2.296849622586021478e-03 2.427071757670817408e-03 2.413366826781687940e-03 0.000000000000000000e+00 0.000000000000000000e+00 0.000000000000000000e+00 0.000000000000000000e+00 0.000000000000000000e+00
1.411631016567003408e-03 2.380192138025683923e-03 2.420963925105381123e-03 2.393373296735614667e-03 0.000000000000000000e+00 0.000000000000000000e+00 0.000000000000000000e+00 0.000000000000000000e+00 0.000000000000000000e+00
1.581266934614253619e-03 2.423436133712381611e-03 2.397066856190569611e-03 2.365183707479659361e-03 0.000000000000000000e+00 0.000000000000000000e+00 0.000000000000000000e+00 0.000000000000000000e+00 0.000000000000000000e+00
1.688099990197039794e-03 2.418437506126849910e-03 2.366341829232428487e-03 2.321054602489952372e-03 0.000000000000000000e+00 0.000000000000000000e+00 0.000000000000000000e+00 0.000000000000000000e+00 0.000000000000000000e+00
2.008539162827173777e-03 2.397987844328987664e-03 2.318904225075973154e-03 2.246943044799529915e-03 0.000000000000000000e+00 0.000000000000000000e+00 0.000000000000000000e+00 0.000000000000000000e+00 0.000000000000000000e+00
1.934641701793941935e-03 2.334886383687873566e-03 2.171850602882070564e-03 1.916310851877267357e-03 0.000000000000000000e+00 0.000000000000000000e+00 0.000000000000000000e+00 0.000000000000000000e+00 0.000000000000000000e+00
1.360135672973238714e-03 2.151149004999510124e-03 1.742963042838937843e-03 9.683697676698362934e-04 0.000000000000000000e+00 0.000000000000000000e+00 0.000000000000000000e+00 0.000000000000000000e+00 0.000000000000000000e+00
9.813264385844526396e-04 1.459637976668954435e-03 6.036931673365357768e-04 1.487941672385060610e-03 0.000000000000000000e+00 0.000000000000000000e+00 0.000000000000000000e+00 0.000000000000000000e+00 0.000000000000000000e+00
3.840288207038525508e-04 4.141841976276836989e-04 1.455861288109008573e-03 3.120028085481815414e-02 0.000000000000000000e+00 0.000000000000000000e+00 0.000000000000000000e+00 0.000000000000000000e+00 0.000000000000000000e+00
1.229933830016664885e-03 2.057716106264091509e-03 2.558000098029604777e-02 1.836447358102147043e-01 0.000000000000000000e+00 0.000000000000000000e+00 0.000000000000000000e+00 0.000000000000000000e+00 0.000000000000000000e+00
3.014044113322222711e-03 1.378383227134594678e-02 1.171816676796392509e-01 4.792966620919515974e-01 0.000000000000000000e+00 0.000000000000000000e+00 0.000000000000000000e+00 0.000000000000000000e+00 0.000000000000000000e+00
8.942727673757474433e-03 4.506402489951967516e-02 2.964369639251053790e-01 7.060334480933240231e-01 0.000000000000000000e+00 0.000000000000000000e+00 0.000000000000000000e+00 0.000000000000000000e+00 0.000000000000000000e+00
1.741934682874227841e-02 1.064414158415841472e-01 5.133652320360748700e-01 8.098686666013135138e-01 0.000000000000000000e+00 0.000000000000000000e+00 0.000000000000000000e+00 0.000000000000000000e+00 0.000000000000000000e+00
2.719413979021664818e-02 2.072043521223409790e-01 6.777534482893833312e-01 8.499896183707478237e-01 0.000000000000000000e+00 0.000000000000000000e+00 0.000000000000000000e+00 0.000000000000000000e+00 0.000000000000000000e+00
4.289914616214098031e-02 3.498795983727085446e-01 7.860072717380650609e-01 8.685274331928239944e-01 0.000000000000000000e+00 0.000000000000000000e+00 0.000000000000000000e+00 0.000000000000000000e+00 0.000000000000000000e+00
6.102771375355357797e-02 4.982684380943043778e-01 8.297527216939515338e-01 8.759479962748748516e-01 0.000000000000000000e+00 0.000000000000000000e+00 0.000000000000000000e+00 0.000000000000000000e+00 0.000000000000000000e+00
8.306500274482894741e-02 6.114866055288695756e-01 8.548527689442211308e-01 8.809455888638367815e-01 0.000000000000000000e+00 0.000000000000000000e+00 0.000000000000000000e+00 0.000000000000000000e+00 0.000000000000000000e+00
1.126832013528085569e-01 7.087659035388687023e-01 8.708974313302617620e-01 8.834569289285362226e-01 0.000000000000000000e+00 0.000000000000000000e+00 0.000000000000000000e+00 0.000000000000000000e+00 0.000000000000000000e+00
1.528855010293108940e-01 7.733851739045189966e-01 8.755072751691009847e-01 8.853704366238603907e-01 0.000000000000000000e+00 0.000000000000000000e+00 0.000000000000000000e+00 0.000000000000000000e+00 0.000000000000000000e+00
2.010937221840995992e-01 8.183953516321927912e-01 8.802101750808742908e-01 8.876948509950003396e-01 0.000000000000000000e+00 0.000000000000000000e+00 0.000000000000000000e+00 0.000000000000000000e+00 0.000000000000000000e+00
2.543128718753063233e-01 8.397630326438583204e-01 8.830308514851482604e-01 8.887568618762865524e-01 0.000000000000000000e+00 0.000000000000000000e+00 0.000000000000000000e+00 0.000000000000000000e+00 0.000000000000000000e+00
3.097793593765316711e-01 8.559448195274971249e-01 8.870389915694538718e-01 8.898266570924420193e-01 0.000000000000000000e+00 0.000000000000000000e+00 0.000000000000000000e+00 0.000000000000000000e+00 0.000000000000000000e+00
3.869923650622487110e-01 8.667097940397998634e-01 8.886666400352905004e-01 8.908244975002448385e-01 0.000000000000000000e+00 0.000000000000000000e+00 0.000000000000000000e+00 0.000000000000000000e+00 0.000000000000000000e+00
4.626997843348690242e-01 8.726059613763355038e-01 8.900005354377020783e-01 8.922509016763062739e-01 0.000000000000000000e+00 0.000000000000000000e+00 0.000000000000000000e+00 0.000000000000000000e+00 0.000000000000000000e+00
5.234715179884323888e-01 8.802726952259581905e-01 8.906489096167039543e-01 8.930441168512891492e-01 0.000000000000000000e+00 0.000000000000000000e+00 0.000000000000000000e+00 0.000000000000000000e+00 0.000000000000000000e+00
5.879470001960591663e-01 8.838908309969609745e-01 8.921331999803939761e-01 8.936841725321044150e-01 0.000000000000000000e+00 0.000000000000000000e+00 0.000000000000000000e+00 0.000000000000000000e+00 0.000000000000000000e+00
6.436305338692284161e-01 8.873675295559254605e-01 8.931694803450640485e-01 8.942888596216056474e-01 0.000000000000000000e+00 0.000000000000000000e+00 0.000000000000000000e+00 0.000000000000000000e+00 0.000000000000000000e+00
6.970607472796782611e-01 8.898448858935398276e-01 8.938226085677873911e-01 8.950099237329670609e-01 0.000000000000000000e+00 0.000000000000000000e+00 0.000000000000000000e+00 0.000000000000000000e+00 0.000000000000000000e+00
7.297163402607587113e-01 8.910463606509165801e-01 8.943843221252817388e-01 8.953283756494460066e-01 0.000000000000000000e+00 0.000000000000000000e+00 0.000000000000000000e+00 0.000000000000000000e+00 0.000000000000000000e+00
7.770740370551907361e-01 8.927080237231642679e-01 8.949105853347708583e-01 8.957706040584255680e-01 0.000000000000000000e+00 0.000000000000000000e+00 0.000000000000000000e+00 0.000000000000000000e+00 0.000000000000000000e+00
7.989755872953631100e-01 8.930909489265757006e-01 8.953564345652387235e-01 8.963141964513283710e-01 0.000000000000000000e+00 0.000000000000000000e+00 0.000000000000000000e+00 0.000000000000000000e+00 0.000000000000000000e+00
8.196984827958043729e-01 8.942441798843249190e-01 8.958923655523967078e-01 8.965691100872463792e-01 0.000000000000000000e+00 0.000000000000000000e+00 0.000000000000000000e+00 0.000000000000000000e+00 0.000000000000000000e+00
8.357717402215467661e-01 8.949499362807565861e-01 8.960330440152927123e-01 8.968803487893345361e-01 0.000000000000000000e+00 0.000000000000000000e+00 0.000000000000000000e+00 0.000000000000000000e+00 0.000000000000000000e+00
8.507377579649052501e-01 8.954220372512498027e-01 8.965240974414274699e-01 8.970116529751984702e-01 0.000000000000000000e+00 0.000000000000000000e+00 0.000000000000000000e+00 0.000000000000000000e+00 0.000000000000000000e+00
8.617404610332318748e-01 8.959280043133024396e-01 8.968597375747475731e-01 8.973117088520732310e-01 0.000000000000000000e+00 0.000000000000000000e+00 0.000000000000000000e+00 0.000000000000000000e+00 0.000000000000000000e+00
8.656097980590138352e-01 8.961773229095184590e-01 8.970866530732279909e-01 8.974749023625134825e-01 0.000000000000000000e+00 0.000000000000000000e+00 0.000000000000000000e+00 0.000000000000000000e+00 0.000000000000000000e+00
