3.315017687074831888e-04 1.015989387755102244e-03 1.371740952380952512e-03 1.603232925170067951e-03 1.722718458049886684e-03 1.786802811791383125e-03 1.852936507936508081e-03 2.338383295755318107e-03 2.364633271247916588e-03
3.214631292517007815e-04 1.015818412698412916e-03 1.389742947845805333e-03 1.599700952380953087e-03 1.696728707482993408e-03 1.799051519274376615e-03 1.862389841269841218e-03 2.357981472404666479e-03 2.375417998235467704e-03
3.433805895691610785e-04 1.012864126984127245e-03 1.390849886621315637e-03 1.572903854875283471e-03 1.714299501133786886e-03 1.797106303854875643e-03 1.873025124716553224e-03 2.355726007254190998e-03 2.367564846583668572e-03
3.325329705215420589e-04 1.033457959183673889e-03 1.399880544217687022e-03 1.632393378684807248e-03 1.728194739229025386e-03 1.815022494331065784e-03 1.865990476190476687e-03 2.370748259974512183e-03 2.391683560435251509e-03
3.225170068027211762e-04 1.043011609977324448e-03 1.401909841269841344e-03 1.593985124716553511e-03 1.726942040816326638e-03 1.808858140589569494e-03 1.862070022675737331e-03 2.357983236937555207e-03 2.388151945887658379e-03
3.394204988662132580e-04 1.037369886621315436e-03 1.388111927437641908e-03 1.593210975056689755e-03 1.756406530612245401e-03 1.813526530612245098e-03 1.875536235827664384e-03 2.373208018821684143e-03 2.386933339868640546e-03
3.401303401360544786e-04 1.036817959183673667e-03 1.373169342403628493e-03 1.609023854875283851e-03 1.761862312925170475e-03 1.805253151927437797e-03 1.880185215419501394e-03 2.397364866189589591e-03 2.395169787275757550e-03
3.106791836734694575e-04 1.032100770975057005e-03 1.418908390022676240e-03 1.617908117913832494e-03 1.740321632653061201e-03 1.829564353741496919e-03 1.907032562358276610e-03 2.393458190373493229e-03 2.412417213998627880e-03
3.572097052154195773e-04 1.039259047619047653e-03 1.433082267573696292e-03 1.653440090702948135e-03 1.761132607709751116e-03 1.830422131519274589e-03 1.900358820861678321e-03 2.404675522007646091e-03 2.416321144985785884e-03
3.403837641723357448e-04 1.022870294784580802e-03 1.426752471655329041e-03 1.626998911564626026e-03 1.780368526077097955e-03 1.849236190476190572e-03 1.917668390022675591e-03 2.421791098911871710e-03 2.413159298108028938e-03
3.488429024943312529e-04 1.064576507936508196e-03 1.432548752834467143e-03 1.653634648526077205e-03 1.810774512471655410e-03 1.856047619047619147e-03 1.938111201814059128e-03 2.417947848250171644e-03 2.411718851093030448e-03
3.458512471655329334e-04 1.064198367346939032e-03 1.447180770975056967e-03 1.677412335600907394e-03 1.807022675736961754e-03 1.903467664399093300e-03 1.959273741496599022e-03 2.407247524752475359e-03 2.395220272522301588e-03
3.511785941043085051e-04 1.110886984126984063e-03 1.522011156462585489e-03 1.709755374149659907e-03 1.840809160997732615e-03 1.934297868480725673e-03 1.999462403628117935e-03 2.390372904617194937e-03 2.377714243701597920e-03
3.506638548752834912e-04 1.135199546485261054e-03 1.550543582766440503e-03 1.748196281179138821e-03 1.915352290249433586e-03 2.005815963718821093e-03 2.062841995464852630e-03 2.362801882168415017e-03 2.350768061954710067e-03
3.534959637188208941e-04 1.158939410430839161e-03 1.588641269841270217e-03 1.823069931972788951e-03 1.975703673469387991e-03 2.086392380952381467e-03 2.131524988662132289e-03 2.324829134398588223e-03 2.302383687873738732e-03
3.797150113378685568e-04 1.206862947845805051e-03 1.688331609977324673e-03 1.946591564625850534e-03 2.088631473922902739e-03 2.156488435374150168e-03 2.140852154195012173e-03 2.270565238702088040e-03 2.236356043525144534e-03
3.688793650793652473e-04 1.307477097505669369e-03 1.817889070294784366e-03 2.086436281179138673e-03 2.161413333333333641e-03 2.106771428571428684e-03 2.005085532879819030e-03 2.206136359180472725e-03 2.162331242035094199e-03
3.971002267573697200e-04 1.377255328798186566e-03 1.996034104308390313e-03 2.155909297052154699e-03 2.071031473922902745e-03 1.927528253968253946e-03 1.789677188208617029e-03 2.020297813939809974e-03 1.743326536614058214e-03
3.924419047619048741e-04 1.611730340136054759e-03 2.146245895691610475e-03 2.049788117913832648e-03 1.872929795918367628e-03 1.664139591836734594e-03 1.440643537414966176e-03 7.666455249485345548e-04 2.425800411724340314e-04
3.977593650793651470e-04 1.873065124716553637e-03 2.098097324263038452e-03 1.835289342403628385e-03 1.521570158730158875e-03 1.176436734693877889e-03 6.971612698412700581e-04 1.306116145475933778e-02 7.326769091265561418e-02
3.848320181405896615e-04 2.060954920634920987e-03 1.891287619047619332e-03 1.404798004535147719e-03 8.070671201814061304e-04 6.244081632653064281e-05 2.028384399092969873e-03 2.567081640035290269e-01 5.197455476914026873e-01
2.156534240362812434e-04 1.685412063492063668e-03 1.425415963718821080e-03 5.066383673469389021e-04 2.791749659863944789e-04 1.074542086167800184e-02 7.015103918367347757e-02 7.075012374277033222e-01 8.342500203901576095e-01
1.986296598639456282e-04 8.143949206349206972e-04 4.735413151927438786e-04 6.787609977324260153e-04 2.114366131519274453e-02 1.353587355102040812e-01 3.857329311564625107e-01 8.555981527301242950e-01 8.714661484168217953e-01
1.195319727891156636e-04 5.002612244897958389e-05 6.220518820861676559e-04 2.075374784580498802e-02 1.559025824943310601e-01 4.623743726077096938e-01 7.281454092517004595e-01 8.723511559651012659e-01 8.759989595137731566e-01
3.860267573696143776e-04 1.713488979591836240e-03 1.325946376417233390e-02 1.204439809523809579e-01 4.428430321088435151e-01 7.400432651247165206e-01 8.440158690249431883e-01 8.772608805999410064e-01 8.791105858249188554e-01
3.871503038548753262e-03 8.379945487528343839e-03 6.128077251700680961e-02 3.440058906122448468e-01 7.062477785941041475e-01 8.346275841269842344e-01 8.589345879365077874e-01 8.797954874031956862e-01 8.809772901676307111e-01
1.028433433106575902e-02 2.341299192743764163e-02 1.698104609523810038e-01 5.840732959637187083e-01 8.003566078004534790e-01 8.544079580045349509e-01 8.638834370068027013e-01 8.815226587589450880e-01 8.831138035486715276e-01
2.572676117913831953e-02 5.273420589569161043e-02 3.443314870748299672e-01 7.412567426757368239e-01 8.472702433560089785e-01 8.631075949206347131e-01 8.667588045351475312e-01 8.836643025193606782e-01 8.846715417115967872e-01
3.861521605442176652e-02 9.804625795918367470e-02 5.354121073922901708e-01 7.981653648979589732e-01 8.575613760544215092e-01 8.667129794104306839e-01 8.692731297052150863e-01 8.850328227624743027e-01 8.872660608763845991e-01
5.198740662131519363e-02 1.677464966893424392e-01 6.693338895238093444e-01 8.402427389569160354e-01 8.643258155102039320e-01 8.689536202267572618e-01 8.709590064399092002e-01 8.872958401137143181e-01 8.876728690324479087e-01
6.391772081632654534e-02 2.603988771882086439e-01 7.556351133786849417e-01 8.535025007709748923e-01 8.680611243537411648e-01 8.708346893424036006e-01 8.723727262585032616e-01 8.883929694147632006e-01 8.892799102048818405e-01
7.163511446712017561e-02 3.921362065306121525e-01 8.000521719727891057e-01 8.621379034920633178e-01 8.702502025396826602e-01 8.720097218140585582e-01 8.742132447165532616e-01 8.898771822370357132e-01 8.899779462797764440e-01
7.957857687074830488e-02 5.111015629931972004e-01 8.249013993650793353e-01 8.675464396371882492e-01 8.716773362358274380e-01 8.738372881632651135e-01 8.760306404535146418e-01 8.907683281050877699e-01 8.917142700715616765e-01
8.605517160997733228e-02 6.178397607256236324e-01 8.456642850793649746e-01 8.702363701587302325e-01 8.735365600907027961e-01 8.755190013605439470e-01 8.771092413605443561e-01 8.920807196353295332e-01 8.923519047152239647e-01
9.413078167800455198e-02 6.841663505668933443e-01 8.561256882539681756e-01 8.718519591836733085e-01 8.744374598639454987e-01 8.772520914285714122e-01 8.782175030385487302e-01 8.928120856778746228e-01 8.933134845603372121e-01
1.052951676190476415e-01 7.517915967346937567e-01 8.642814682993197328e-01 8.739424282086164508e-01 8.765796911564627258e-01 8.781425234467120644e-01 8.784744492517004844e-01 8.934501665522986968e-01 8.938170711694931603e-01
1.245863139229025085e-01 7.824794934240363320e-01 8.687705906575964310e-01 8.753370840816324661e-01 8.777266744671200493e-01 8.788673190929706669e-01 8.790457640816324858e-01 8.941690403881971116e-01 8.943825469071658985e-01
1.493627616326530794e-01 8.109469114739228379e-01 8.722143844897958243e-01 8.771539445804985569e-01 8.786297942857141940e-01 8.791708352834466389e-01 8.797602841723356493e-01 8.948432011567492017e-01 8.951092374277029862e-01
1.850917450340136550e-01 8.178953463945579649e-01 8.746409896598639211e-01 8.782835332426303099e-01 8.791511524716553172e-01 8.797173492063491418e-01 8.802659597278912340e-01 8.952796517988431679e-01 8.955345046564062716e-01
2.289700986848073050e-01 8.359627834013604319e-01 8.757811151927437088e-01 8.788940293877548493e-01 8.795869411337866595e-01 8.803785294331065714e-01 8.807931222675735583e-01 8.957799687285560308e-01 8.961585406332711612e-01
2.807175760544217691e-01 8.518827286167798274e-01 8.772772604081632286e-01 8.794494830839002519e-01 8.802301487528345625e-01 8.809147890249433566e-01 8.813276945124713935e-01 8.961604242721301627e-01 8.963441444956378179e-01
3.399682314739227440e-01 8.583029031292513933e-01 8.785228282993198246e-01 8.798084939682538907e-01 8.808592809070294738e-01 8.814331850340135777e-01 8.816656891609977453e-01 8.965728618762867086e-01 8.966535021076365020e-01
4.011108153287982203e-01 8.664540297505669564e-01 8.794370118820858950e-01 8.805804433560088240e-01 8.812705030385487026e-01 8.817622745578233001e-01 8.822041092063490630e-01 8.968691400843052941e-01 8.969160077443387724e-01
4.709706180498865469e-01 8.704605491156460761e-01 8.798549453061226266e-01 8.808324913378683396e-01 8.817801352380952862e-01 8.819912300226755431e-01 8.823543829478456280e-01 8.969347327712968720e-01 8.971485302421331465e-01
5.385668643990928484e-01 8.748162857142854909e-01 8.803517166439910335e-01 8.814689932879816725e-01 8.820341885714286789e-01 8.824330895238093886e-01 8.827193915646256439e-01 8.972891949808839973e-01 8.973323322223309972e-01
5.889434264852606571e-01 8.760711566439907116e-01 8.808379043990928192e-01 8.818982039909295523e-01 8.823758173242631786e-01 8.827748643083899172e-01 8.829073161904759104e-01 8.974936550338200592e-01 8.976268563866287575e-01
6.394688224943309018e-01 8.783486296598639331e-01 8.812133081179137628e-01 8.821629622675735138e-01 8.825798024489794891e-01 8.828589598185940801e-01 8.830898540589566803e-01 8.975818376629740580e-01 8.977487923732967445e-01
6.820767502040816499e-01 8.793435032199546919e-01 8.817104304761903544e-01 8.824152125170067196e-01 8.828733059410430739e-01 8.831417739682539958e-01 8.833225633560088941e-01 8.977713017351240943e-01 8.979270422507594773e-01
7.233940923356008135e-01 8.800093895691608603e-01 8.821254271201814934e-01 8.827695036734691802e-01 8.832044189569159265e-01 8.832563132879819312e-01 8.834639782312924128e-01 8.979570696990490930e-01 8.978913938829525820e-01
7.489860725623583848e-01 8.807396224036281307e-01 8.823758848072560390e-01 8.829395229931971123e-01 8.833046582312924500e-01 8.834980011791383481e-01 8.835910914285711737e-01 8.980077311047937050e-01 8.980339969610823259e-01
