3.315017687074831888e-04 1.798204097637486933e-03 2.022784628957945748e-03 2.188060778355063914e-03 2.227044309381433305e-03 2.276590138221743290e-03 2.331789922556611744e-03 2.338383295755318107e-03 2.364633271247916588e-03
3.214631292517007815e-04 1.843614351534163471e-03 2.056229585334771667e-03 2.178062248799137249e-03 2.242449073620233265e-03 2.303352514459366864e-03 2.334861386138613847e-03 2.357981472404666479e-03 2.375417998235467704e-03
3.433805895691610785e-04 1.812961278306048649e-03 2.067338594255465744e-03 2.196022056661111298e-03 2.250872561513577071e-03 2.291575237721792460e-03 2.335866091559650731e-03 2.355726007254190998e-03 2.367564846583668572e-03
3.325329705215420589e-04 1.849853053622194186e-03 2.065916478776590529e-03 2.181330065679835256e-03 2.259850308793255602e-03 2.290948142338987067e-03 2.348757376727772170e-03 2.370748259974512183e-03 2.391683560435251509e-03
3.225170068027211762e-04 1.818573473188902969e-03 2.055048720713655713e-03 2.170511322419370684e-03 2.252425448485442967e-03 2.321259778453093215e-03 2.334339574551514383e-03 2.357983236937555207e-03 2.388151945887658379e-03
3.394204988662132580e-04 1.855229879423586159e-03 2.065445152436035537e-03 2.196896186648368034e-03 2.245557690422507382e-03 2.332011861582198101e-03 2.368169003038917905e-03 2.373208018821684143e-03 2.386933339868640546e-03
3.401303401360544786e-04 1.858040584256445780e-03 2.050137241446917200e-03 2.217051367512989490e-03 2.281316439564748996e-03 2.330433388883442619e-03 2.371116067052249973e-03 2.397364866189589591e-03 2.395169787275757550e-03
3.106791836734694575e-04 1.838471816488579597e-03 2.110957749240270631e-03 2.210236643466327502e-03 2.333871875306342981e-03 2.365461719439270871e-03 2.369177825703362543e-03 2.393458190373493229e-03 2.412417213998627880e-03
3.572097052154195773e-04 1.843085677874718763e-03 2.149034506420939225e-03 2.257764532888932411e-03 2.309930300950887010e-03 2.379627291442015964e-03 2.406794922066464275e-03 2.404675522007646091e-03 2.416321144985785884e-03
3.403837641723357448e-04 1.933045093618272845e-03 2.159904813253602732e-03 2.290462209587295489e-03 2.344125575923929061e-03 2.387975492598765244e-03 2.416446524850505116e-03 2.421791098911871710e-03 2.413159298108028938e-03
3.488429024943312529e-04 1.960969708852073733e-03 2.199486618958925842e-03 2.331091363591805080e-03 2.393793451622390055e-03 2.418751494951475872e-03 2.417997255171061653e-03 2.417947848250171644e-03 2.411718851093030448e-03
3.458512471655329334e-04 2.033206450348005491e-03 2.261985687677678467e-03 2.380132339966670348e-03 2.412284579943143204e-03 2.413474855406333094e-03 2.417568669738260657e-03 2.407247524752475359e-03 2.395220272522301588e-03
3.511785941043085051e-04 2.117228114890697295e-03 2.348100676404274272e-03 2.413279482403686386e-03 2.423891285168120521e-03 2.413855896480737642e-03 2.402397019900010151e-03 2.390372904617194937e-03 2.377714243701597920e-03
3.506638548752834912e-04 2.171443093814332502e-03 2.403331634153514293e-03 2.420334477012057138e-03 2.411328105087736599e-03 2.396676110185276629e-03 2.382153024213312913e-03 2.362801882168415017e-03 2.350768061954710067e-03
3.534959637188208941e-04 2.296849622586021478e-03 2.427071757670817408e-03 2.413366826781687940e-03 2.391440741103814053e-03 2.369905695520047647e-03 2.348653759435349701e-03 2.324829134398588223e-03 2.302383687873738732e-03
3.797150113378685568e-04 2.380192138025683923e-03 2.420963925105381123e-03 2.393373296735614667e-03 2.366142240956769192e-03 2.336598666797373020e-03 2.306743848642290109e-03 2.270565238702088040e-03 2.236356043525144534e-03
3.688793650793652473e-04 2.423436133712381611e-03 2.397066856190569611e-03 2.365183707479659361e-03 2.327792079207921007e-03 2.283232428193314630e-03 2.249682972257621878e-03 2.206136359180472725e-03 2.162331242035094199e-03
3.971002267573697200e-04 2.418437506126849910e-03 2.366341829232428487e-03 2.321054602489952372e-03 2.266032055680815716e-03 2.182317321831192796e-03 2.119836878737378812e-03 2.020297813939809974e-03 1.743326536614058214e-03
3.924419047619048741e-04 2.397987844328987664e-03 2.318904225075973154e-03 2.246943044799529915e-03 2.129931771394961201e-03 1.890464660327418949e-03 1.498181060680325687e-03 7.666455249485345548e-04 2.425800411724340314e-04
3.977593650793651470e-04 2.334886383687873566e-03 2.171850602882070564e-03 1.916310851877267357e-03 1.455000392118420112e-03 6.139626507205177405e-04 7.439230467601214494e-04 1.306116145475933778e-02 7.326769091265561418e-02
3.848320181405896615e-04 2.151149004999510124e-03 1.742963042838937843e-03 9.683697676698362934e-04 3.357163023233016561e-04 9.731002352710517792e-03 6.517906117047349290e-02 2.567081640035290269e-01 5.197455476914026873e-01
2.156534240362812434e-04 1.459637976668954435e-03 6.036931673365357768e-04 1.487941672385060610e-03 2.731627369865698846e-02 1.541574285854327986e-01 4.424012571316536802e-01 7.075012374277033222e-01 8.342500203901576095e-01
1.986296598639456282e-04 4.141841976276836989e-04 1.455861288109008573e-03 3.120028085481815414e-02 2.166576424860307548e-01 5.305047319870600520e-01 7.775645986667973908e-01 8.555981527301242950e-01 8.714661484168217953e-01
1.195319727891156636e-04 2.057716106264091509e-03 2.558000098029604777e-02 1.836447358102147043e-01 5.523759754925987586e-01 7.943990256837565322e-01 8.609338994216251262e-01 8.723511559651012659e-01 8.759989595137731566e-01
3.860267573696143776e-04 1.378383227134594678e-02 1.171816676796392509e-01 4.792966620919515974e-01 7.770232653661404143e-01 8.601259781393980619e-01 8.732967671796881826e-01 8.772608805999410064e-01 8.791105858249188554e-01
3.871503038548753262e-03 4.506402489951967516e-02 2.964369639251053790e-01 7.060334480933240231e-01 8.491625498480539491e-01 8.741519861778255240e-01 8.782344228997155389e-01 8.797954874031956862e-01 8.809772901676307111e-01
1.028433433106575902e-02 1.064414158415841472e-01 5.133652320360748700e-01 8.098686666013135138e-01 8.681251622389959399e-01 8.775066532692874510e-01 8.799207709048126880e-01 8.815226587589450880e-01 8.831138035486715276e-01
2.572676117913831953e-02 2.072043521223409790e-01 6.777534482893833312e-01 8.499896183707478237e-01 8.757231712577197014e-01 8.802811540045091254e-01 8.824603204587784244e-01 8.836643025193606782e-01 8.846715417115967872e-01
3.861521605442176652e-02 3.498795983727085446e-01 7.860072717380650609e-01 8.685274331928239944e-01 8.797050723458481603e-01 8.827046816978726396e-01 8.841910890108812815e-01 8.850328227624743027e-01 8.872660608763845991e-01
5.198740662131519363e-02 4.982684380943043778e-01 8.297527216939515338e-01 8.759479962748748516e-01 8.828232377217919424e-01 8.843906983629055141e-01 8.860206751298891348e-01 8.872958401137143181e-01 8.876728690324479087e-01
6.391772081632654534e-02 6.114866055288695756e-01 8.548527689442211308e-01 8.809455888638367815e-01 8.840873185962159209e-01 8.861102996765021222e-01 8.872658746201349533e-01 8.883929694147632006e-01 8.892799102048818405e-01
7.163511446712017561e-02 7.087659035388687023e-01 8.708974313302617620e-01 8.834569289285362226e-01 8.858661141064598787e-01 8.876652393882951131e-01 8.889773506518967583e-01 8.898771822370357132e-01 8.899779462797764440e-01
7.957857687074830488e-02 7.733851739045189966e-01 8.755072751691009847e-01 8.853704366238603907e-01 8.879243429075580618e-01 8.892590623468287214e-01 8.899704576021957303e-01 8.907683281050877699e-01 8.917142700715616765e-01
8.605517160997733228e-02 8.183953516321927912e-01 8.802101750808742908e-01 8.876948509950003396e-01 8.892683597686499297e-01 8.902041053818251504e-01 8.914504493677090080e-01 8.920807196353295332e-01 8.923519047152239647e-01
9.413078167800455198e-02 8.397630326438583204e-01 8.830308514851482604e-01 8.887568618762865524e-01 8.901573794726006517e-01 8.915085761199879055e-01 8.924603668267815371e-01 8.928120856778746228e-01 8.933134845603372121e-01
1.052951676190476415e-01 8.559448195274971249e-01 8.870389915694538718e-01 8.898266570924420193e-01 8.913572234094694346e-01 8.923893547691400530e-01 8.930515623958433791e-01 8.934501665522986968e-01 8.938170711694931603e-01
1.245863139229025085e-01 8.667097940397998634e-01 8.886666400352905004e-01 8.908244975002448385e-01 8.923705662189981291e-01 8.931769296147435977e-01 8.938151853739829678e-01 8.941690403881971116e-01 8.943825469071658985e-01
1.493627616326530794e-01 8.726059613763355038e-01 8.900005354377020783e-01 8.922509016763062739e-01 8.933229533379080101e-01 8.939555626899321483e-01 8.945041937064993620e-01 8.948432011567492017e-01 8.951092374277029862e-01
1.850917450340136550e-01 8.802726952259581905e-01 8.906489096167039543e-01 8.930441168512891492e-01 8.937702480149002371e-01 8.945398373688852045e-01 8.950136043525144247e-01 8.952796517988431679e-01 8.955345046564062716e-01
2.289700986848073050e-01 8.838908309969609745e-01 8.921331999803939761e-01 8.936841725321044150e-01 8.944330647975685666e-01 8.949630390157825577e-01 8.954632932065481610e-01 8.957799687285560308e-01 8.961585406332711612e-01
2.807175760544217691e-01 8.873675295559254605e-01 8.931694803450640485e-01 8.942888596216056474e-01 8.950829576512105978e-01 8.955194700519555351e-01 8.958642923242818856e-01 8.961604242721301627e-01 8.963441444956378179e-01
3.399682314739227440e-01 8.898448858935398276e-01 8.938226085677873911e-01 8.950099237329670609e-01 8.956413219292226335e-01 8.959655490638174236e-01 8.961997789432406547e-01 8.965728618762867086e-01 8.966535021076365020e-01
4.011108153287982203e-01 8.910463606509165801e-01 8.943843221252817388e-01 8.953283756494460066e-01 8.959655080874423527e-01 8.964210149004998573e-01 8.966440825409273119e-01 8.968691400843052941e-01 8.969160077443387724e-01
4.709706180498865469e-01 8.927080237231642679e-01 8.949105853347708583e-01 8.957706040584255680e-01 8.962953667287520965e-01 8.967041423389864319e-01 8.969572370355847202e-01 8.969347327712968720e-01 8.971485302421331465e-01
5.385668643990928484e-01 8.930909489265757006e-01 8.953564345652387235e-01 8.963141964513283710e-01 8.967228432506615388e-01 8.970134928928537033e-01 8.970997816880696973e-01 8.972891949808839973e-01 8.973323322223309972e-01
5.889434264852606571e-01 8.942441798843249190e-01 8.958923655523967078e-01 8.965691100872463792e-01 8.969084967160081412e-01 8.971954310361729412e-01 8.973867226742475722e-01 8.974936550338200592e-01 8.976268563866287575e-01
6.394688224943309018e-01 8.949499362807565861e-01 8.960330440152927123e-01 8.968803487893345361e-01 8.971560430349966309e-01 8.973586153318300340e-01 8.975405668071758658e-01 8.975818376629740580e-01 8.977487923732967445e-01
6.820767502040816499e-01 8.954220372512498027e-01 8.965240974414274699e-01 8.970116529751984702e-01 8.973586027840407819e-01 8.975124122144886307e-01 8.976193581021467693e-01 8.977713017351240943e-01 8.979270422507594773e-01
7.233940923356008135e-01 8.959280043133024396e-01 8.968597375747475731e-01 8.973117088520732310e-01 8.974692736006272265e-01 8.976418760905791050e-01 8.978182176257228919e-01 8.979570696990490930e-01 8.978913938829525820e-01
7.489860725623583848e-01 8.961773229095184590e-01 8.970866530732279909e-01 8.974749023625134825e-01 8.977019100088223791e-01 8.978257135574944092e-01 8.979364239780411872e-01 8.980077311047937050e-01 8.980339969610823259e-01
