7.177518626498217061e-06 8.022027858762550371e-06 7.651441528992548126e-06 6.703595724003887690e-06 0.000000000000000000e+00 0.000000000000000000e+00 0.000000000000000000e+00 0.000000000000000000e+00 0.000000000000000000e+00
6.090055069646906061e-06 6.133138969873661967e-06 7.692257855523159876e-06 7.750566893424037435e-06 0.000000000000000000e+00 0.000000000000000000e+00 0.000000000000000000e+00 0.000000000000000000e+00 0.000000000000000000e+00
7.058309037900874066e-06 7.238095238095236235e-06 6.873663751214772242e-06 9.513443472627144447e-06 0.000000000000000000e+00 0.000000000000000000e+00 0.000000000000000000e+00 0.000000000000000000e+00 0.000000000000000000e+00
6.997408487204405243e-06 9.184645286686102052e-06 7.866213151927437677e-06 6.618399740848719742e-06 0.000000000000000000e+00 0.000000000000000000e+00 0.000000000000000000e+00 0.000000000000000000e+00 0.000000000000000000e+00
7.265954000647877265e-06 8.264334305150632150e-06 7.757045675413021949e-06 6.812763200518302571e-06 0.000000000000000000e+00 0.000000000000000000e+00 0.000000000000000000e+00 0.000000000000000000e+00 0.000000000000000000e+00
8.078069322967281233e-06 6.320375769355360138e-06 7.968253968253966206e-06 7.655004859086491726e-06 0.000000000000000000e+00 0.000000000000000000e+00 0.000000000000000000e+00 0.000000000000000000e+00 0.000000000000000000e+00
8.013605442176871351e-06 6.218334953028830762e-06 5.922254616132165665e-06 8.773566569484936859e-06 0.000000000000000000e+00 0.000000000000000000e+00 0.000000000000000000e+00 0.000000000000000000e+00 0.000000000000000000e+00
7.707159054097828492e-06 7.105280207321022375e-06 8.994493035309360427e-06 9.622610949141561869e-06 0.000000000000000000e+00 0.000000000000000000e+00 0.000000000000000000e+00 0.000000000000000000e+00 0.000000000000000000e+00
6.093618399740848814e-06 8.029478458049886373e-06 7.903466148364105828e-06 7.620991253644314137e-06 0.000000000000000000e+00 0.000000000000000000e+00 0.000000000000000000e+00 0.000000000000000000e+00 0.000000000000000000e+00
7.934888241010688763e-06 7.067703271784904575e-06 7.723032069970845208e-06 1.055004859086491558e-05 0.000000000000000000e+00 0.000000000000000000e+00 0.000000000000000000e+00 0.000000000000000000e+00 0.000000000000000000e+00
6.942986718496922626e-06 6.105928085519921083e-06 8.977648202137997305e-06 7.590217039196630500e-06 0.000000000000000000e+00 0.000000000000000000e+00 0.000000000000000000e+00 0.000000000000000000e+00 0.000000000000000000e+00
7.941690962099123773e-06 7.312925170068025573e-06 1.060447035957239905e-05 1.420894071914480074e-05 0.000000000000000000e+00 0.000000000000000000e+00 0.000000000000000000e+00 0.000000000000000000e+00 0.000000000000000000e+00
7.211856171039844298e-06 7.919987042436020148e-06 9.898283122772917703e-06 1.133430515063168191e-05 0.000000000000000000e+00 0.000000000000000000e+00 0.000000000000000000e+00 0.000000000000000000e+00 0.000000000000000000e+00
8.030126336248783977e-06 9.086167800453513735e-06 1.066925817946225942e-05 1.345189504373177614e-05 0.000000000000000000e+00 0.000000000000000000e+00 0.000000000000000000e+00 0.000000000000000000e+00 0.000000000000000000e+00
8.084548104956267440e-06 9.024943310657595262e-06 1.129672821509556157e-05 1.615257531584062225e-05 0.000000000000000000e+00 0.000000000000000000e+00 0.000000000000000000e+00 0.000000000000000000e+00 0.000000000000000000e+00
7.908001295756397528e-06 9.939099449303532842e-06 1.833138969873663666e-05 2.275413022351797633e-05 0.000000000000000000e+00 0.000000000000000000e+00 0.000000000000000000e+00 0.000000000000000000e+00 0.000000000000000000e+00
7.860058309037900272e-06 1.356721736313572758e-05 2.207547781017168552e-05 2.487852283770651066e-05 0.000000000000000000e+00 0.000000000000000000e+00 0.000000000000000000e+00 0.000000000000000000e+00 0.000000000000000000e+00
8.054421768707481407e-06 1.476741172659539791e-05 2.855425979915775385e-05 2.962163913184321032e-05 0.000000000000000000e+00 0.000000000000000000e+00 0.000000000000000000e+00 0.000000000000000000e+00 0.000000000000000000e+00
7.979267897635244114e-06 2.003563330093942069e-05 2.963524457402008034e-05 4.736669906057661047e-05 0.000000000000000000e+00 0.000000000000000000e+00 0.000000000000000000e+00 0.000000000000000000e+00 0.000000000000000000e+00
9.141561386459343605e-06 2.331292517006802061e-05 3.903628117913831934e-05 5.727243278263687264e-05 0.000000000000000000e+00 0.000000000000000000e+00 0.000000000000000000e+00 0.000000000000000000e+00 0.000000000000000000e+00
1.145804988662131406e-05 2.786524133462909121e-05 4.763265306122449716e-05 6.763848396501456707e-05 0.000000000000000000e+00 0.000000000000000000e+00 0.000000000000000000e+00 0.000000000000000000e+00 0.000000000000000000e+00
2.001295756397797066e-05 3.655361192095885758e-05 6.220310981535471335e-05 8.564949789439585729e-05 0.000000000000000000e+00 0.000000000000000000e+00 0.000000000000000000e+00 0.000000000000000000e+00 0.000000000000000000e+00
2.183738257207644664e-05 4.967152575315840880e-05 6.971169420149012628e-05 8.862973760932943131e-05 0.000000000000000000e+00 0.000000000000000000e+00 0.000000000000000000e+00 0.000000000000000000e+00 0.000000000000000000e+00
1.915775834143181163e-05 5.915451895043731333e-05 8.564949789439583018e-05 9.523809523809522717e-05 0.000000000000000000e+00 0.000000000000000000e+00 0.000000000000000000e+00 0.000000000000000000e+00 0.000000000000000000e+00
2.506640751538710389e-05 6.284062196307093175e-05 9.232264334305152200e-05 9.523809523809522717e-05 0.000000000000000000e+00 0.000000000000000000e+00 0.000000000000000000e+00 0.000000000000000000e+00 0.000000000000000000e+00
3.137900874635568262e-05 8.294201490119856770e-05 9.426627793974731641e-05 9.523809523809522717e-05 0.000000000000000000e+00 0.000000000000000000e+00 0.000000000000000000e+00 0.000000000000000000e+00 0.000000000000000000e+00
4.265597667638483845e-05 8.456171039844509918e-05 9.523809523809522717e-05 9.523809523809522717e-05 0.000000000000000000e+00 0.000000000000000000e+00 0.000000000000000000e+00 0.000000000000000000e+00 0.000000000000000000e+00
4.144897959183673142e-05 9.045059928733398063e-05 9.523809523809522717e-05 9.523809523809522717e-05 0.000000000000000000e+00 0.000000000000000000e+00 0.000000000000000000e+00 0.000000000000000000e+00 0.000000000000000000e+00
4.919339164237124501e-05 9.427308066083576836e-05 9.523809523809522717e-05 9.523809523809522717e-05 0.000000000000000000e+00 0.000000000000000000e+00 0.000000000000000000e+00 0.000000000000000000e+00 0.000000000000000000e+00
6.496436669906055831e-05 9.426627793974731641e-05 9.523809523809522717e-05 9.523809523809522717e-05 0.000000000000000000e+00 0.000000000000000000e+00 0.000000000000000000e+00 0.000000000000000000e+00 0.000000000000000000e+00
6.190929705215418902e-05 9.426627793974731641e-05 9.523809523809522717e-05 9.523809523809522717e-05 0.000000000000000000e+00 0.000000000000000000e+00 0.000000000000000000e+00 0.000000000000000000e+00 0.000000000000000000e+00
7.062163913184322096e-05 9.523809523809522717e-05 9.523809523809522717e-05 9.523809523809522717e-05 0.000000000000000000e+00 0.000000000000000000e+00 0.000000000000000000e+00 0.000000000000000000e+00 0.000000000000000000e+00
8.027502429543245969e-05 9.523809523809522717e-05 9.523809523809522717e-05 9.523809523809522717e-05 0.000000000000000000e+00 0.000000000000000000e+00 0.000000000000000000e+00 0.000000000000000000e+00 0.000000000000000000e+00
8.124684159378037045e-05 9.523809523809522717e-05 9.523809523809522717e-05 9.523809523809522717e-05 0.000000000000000000e+00 0.000000000000000000e+00 0.000000000000000000e+00 0.000000000000000000e+00 0.000000000000000000e+00
8.578911564625850785e-05 9.523809523809522717e-05 9.523809523809522717e-05 9.523809523809522717e-05 0.000000000000000000e+00 0.000000000000000000e+00 0.000000000000000000e+00 0.000000000000000000e+00 0.000000000000000000e+00
8.286005830903791234e-05 9.523809523809522717e-05 9.523809523809522717e-05 9.523809523809522717e-05 0.000000000000000000e+00 0.000000000000000000e+00 0.000000000000000000e+00 0.000000000000000000e+00 0.000000000000000000e+00
9.147003563330093306e-05 9.523809523809522717e-05 9.523809523809522717e-05 9.523809523809522717e-05 0.000000000000000000e+00 0.000000000000000000e+00 0.000000000000000000e+00 0.000000000000000000e+00 0.000000000000000000e+00
9.340006478781987778e-05 9.523809523809522717e-05 9.523809523809522717e-05 9.523809523809522717e-05 0.000000000000000000e+00 0.000000000000000000e+00 0.000000000000000000e+00 0.000000000000000000e+00 0.000000000000000000e+00
9.144282474894719303e-05 9.523809523809522717e-05 9.523809523809522717e-05 9.523809523809522717e-05 0.000000000000000000e+00 0.000000000000000000e+00 0.000000000000000000e+00 0.000000000000000000e+00 0.000000000000000000e+00
9.429348882410105645e-05 9.523809523809522717e-05 9.523809523809522717e-05 9.523809523809522717e-05 0.000000000000000000e+00 0.000000000000000000e+00 0.000000000000000000e+00 0.000000000000000000e+00 0.000000000000000000e+00
9.427988338192417966e-05 9.523809523809522717e-05 9.523809523809522717e-05 9.523809523809522717e-05 0.000000000000000000e+00 0.000000000000000000e+00 0.000000000000000000e+00 0.000000000000000000e+00 0.000000000000000000e+00
9.427308066083575481e-05 9.523809523809522717e-05 9.523809523809522717e-05 9.523809523809522717e-05 0.000000000000000000e+00 0.000000000000000000e+00 0.000000000000000000e+00 0.000000000000000000e+00 0.000000000000000000e+00
9.524489795918366557e-05 9.523809523809522717e-05 9.523809523809522717e-05 9.523809523809522717e-05 0.000000000000000000e+00 0.000000000000000000e+00 0.000000000000000000e+00 0.000000000000000000e+00 0.000000000000000000e+00
9.524489795918366557e-05 9.523809523809522717e-05 9.523809523809522717e-05 9.523809523809522717e-05 0.000000000000000000e+00 0.000000000000000000e+00 0.000000000000000000e+00 0.000000000000000000e+00 0.000000000000000000e+00
9.523809523809522717e-05 9.523809523809522717e-05 9.523809523809522717e-05 9.523809523809522717e-05 0.000000000000000000e+00 0.000000000000000000e+00 0.000000000000000000e+00 0.000000000000000000e+00 0.000000000000000000e+00
9.523809523809522717e-05 9.523809523809522717e-05 9.523809523809522717e-05 9.523809523809522717e-05 0.000000000000000000e+00 0.000000000000000000e+00 0.000000000000000000e+00 0.000000000000000000e+00 0.000000000000000000e+00
9.433106575963717171e-05 9.523809523809522717e-05 9.523809523809522717e-05 9.523809523809522717e-05 0.000000000000000000e+00 0.000000000000000000e+00 0.000000000000000000e+00 0.000000000000000000e+00 0.000000000000000000e+00
9.523809523809522717e-05 9.523809523809522717e-05 9.523809523809522717e-05 9.523809523809522717e-05 0.000000000000000000e+00 0.000000000000000000e+00 0.000000000000000000e+00 0.000000000000000000e+00 0.000000000000000000e+00
9.523809523809522717e-05 9.523809523809522717e-05 9.523809523809522717e-05 9.523809523809522717e-05 0.000000000000000000e+00 0.000000000000000000e+00 0.000000000000000000e+00 0.000000000000000000e+00 0.000000000000000000e+00
9.523809523809522717e-05 9.523809523809522717e-05 9.523809523809522717e-05 9.523809523809522717e-05 0.000000000000000000e+00 0.000000000000000000e+00 0.000000000000000000e+00 0.000000000000000000e+00 0.000000000000000000e+00
