1.204185523911906044e-05 7.981816939588059676e-05 7.613088197103458073e-05 6.669993528825525670e-05 7.582790555675522366e-05 7.548947445569861468e-05 7.542178823548721157e-05 1.140996283562499054e-04 1.037855376573799178e-04
1.254766514726359585e-05 6.102396225053333150e-05 7.653699929230251150e-05 7.711716689411403478e-05 1.130134256795251138e-04 9.425145006761188459e-05 1.044978545462704961e-04 7.606641890416660358e-05 1.050747989947386205e-04
1.230194404210326708e-05 7.201813830486005104e-05 6.839209079353862685e-05 9.465756738887986957e-05 8.458199003742116709e-05 1.219028826006137144e-04 8.638050960303667242e-05 1.134549976875704863e-04 9.411607762718918679e-05
1.312598299196377951e-05 9.138606674533204864e-05 7.826783263770668148e-05 6.585224595894185865e-05 1.059901745442634081e-04 1.039209100978025072e-04 1.032085932089118883e-04 8.638050960303667242e-05 9.604996963322732216e-05
1.194703097568683652e-05 8.222908809674143776e-05 7.718162996098194416e-05 6.778613796498000757e-05 8.515893448588923731e-05 9.431913628782323349e-05 1.031409069887004310e-04 1.257029803924786769e-04 1.218351963804024197e-04
1.316159929037356702e-05 6.288694488301672589e-05 7.928312594087671169e-05 7.616633665781187329e-05 1.050747989947386476e-04 9.554071140497060084e-05 9.476070829586855169e-05 8.638050960303667242e-05 1.327939177479519348e-04
1.247456402943534426e-05 6.187165157984672278e-05 5.892568942398192217e-05 8.729588515256135161e-05 9.482839451607992770e-05 1.153888896936086487e-04 1.051424852149499423e-04 1.237690883864405551e-04 1.424633777781425168e-04
1.315642166526570499e-05 7.069664543406733266e-05 8.949407573275804421e-05 9.574377006560460689e-05 1.068378638735767113e-04 9.554071140497061439e-05 1.218351963804024197e-04 1.611576671698445326e-04 1.695378658626763035e-04
1.335176896935606067e-05 7.989230192277872982e-05 7.863849527219731969e-05 7.582790555675523721e-05 8.529430692631189445e-05 1.140996283562499054e-04 1.334385484166311913e-04 1.044301683260591743e-04 1.514882071396538694e-04
1.161419696363794097e-05 7.032275964623330915e-05 7.684319885992522677e-05 1.049716580877498435e-04 1.253290946046446263e-04 1.140996283562499054e-04 1.418864333296745550e-04 1.618022978385238433e-04 1.244137190551199742e-04
1.225568013985052895e-05 6.075321736968795623e-05 8.932647175890142560e-05 7.552170598913249483e-05 1.225475132692931471e-04 1.233275163783951556e-04 1.431080084468219901e-04 1.785626952241877645e-04 1.688932351939970741e-04
1.276449832444889675e-05 7.276268672718476697e-05 1.055131478494405399e-04 1.413771751014178066e-04 1.134549976875704863e-04 1.534220991456919912e-04 1.605130365011650593e-04 1.611576671698445326e-04 2.281992567124998107e-04
1.298597102658764730e-05 7.880287609271055299e-05 9.848667356083531336e-05 1.127749123321137746e-04 1.600714644931197953e-04 1.115887919017437404e-04 1.605130365011650593e-04 1.785626952241877645e-04 2.172405353449504447e-04
1.275024926287952227e-05 9.040622812893935165e-05 1.061577785181198912e-04 1.338446657378992034e-04 1.704532414122011453e-04 2.456042847668429342e-04 2.456042847668429342e-04 2.945962155864756968e-04 2.926623235804377918e-04
1.314806204633130097e-05 8.979705214703738773e-05 1.124010265442797511e-04 1.607160951617990518e-04 2.372917722942224309e-04 2.655878354959038696e-04 2.468935461042017182e-04 3.403649930627116620e-04 3.706626344906424359e-04
1.510633138152474021e-05 9.889279088210344742e-05 1.823950245494865123e-04 2.264007371468843054e-04 2.926623235804377918e-04 3.223153343396890653e-04 3.951585999004589528e-04 4.731589108106634884e-04 4.834730015095333269e-04
1.265313701453876191e-05 1.349921083281485190e-04 2.196482308924678733e-04 2.475381767728811102e-04 3.319847943698796744e-04 4.551092520876410001e-04 4.937870922084034364e-04 6.278702712937140468e-04 6.459199300167369146e-04
1.326935914255729154e-05 1.469338914654339673e-04 2.841112977604053394e-04 2.947315880268983946e-04 4.248116106597101720e-04 5.588947897450208908e-04 5.975726298657830018e-04 7.020027981918428809e-04 7.870940464575201323e-04
1.464714128439650900e-05 1.993520342890975198e-04 2.948669604673210924e-04 4.712927050248367426e-04 5.795229711427611098e-04 6.536554980408890766e-04 7.593749277043069807e-04 8.534910053314959371e-04 9.282681628983045427e-04
1.399765439801306273e-05 2.319606766642437836e-04 3.884060936460421412e-04 5.698535111125700671e-04 7.206970875835446528e-04 8.025651825058257574e-04 8.999044134764110775e-04 9.192433335367933799e-04 9.476070829586856524e-04
1.460864381980556985e-05 2.772556505990005234e-04 4.739389139197657409e-04 6.729944181012709453e-04 7.587302970356278597e-04 9.089292428379221319e-04 9.476070829586856524e-04 9.476070829586856524e-04 9.476070829586856524e-04
1.748389937326490676e-05 3.637038464222484770e-04 6.189131281524145852e-04 8.522017439941375868e-04 9.108631348439615548e-04 9.379376229284951518e-04 9.476070829586856524e-04 9.476070829586856524e-04 9.476070829586856524e-04
1.969449954779890392e-05 4.942254410631054641e-04 6.936225994990107306e-04 8.818547547533885349e-04 9.476070829586856524e-04 9.476070829586856524e-04 9.476070829586856524e-04 9.476070829586856524e-04 9.476070829586856524e-04
2.305031243522689523e-05 5.885800320377058276e-04 8.522017439941373699e-04 9.476070829586856524e-04 9.476070829586856524e-04 9.476070829586856524e-04 9.476070829586856524e-04 9.476070829586856524e-04 9.476070829586856524e-04
2.820590509583108583e-05 6.252562939322189829e-04 9.185987028681142589e-04 9.476070829586856524e-04 9.476070829586856524e-04 9.476070829586856524e-04 9.476070829586856524e-04 9.476070829586856524e-04 9.476070829586856524e-04
2.959103421143222885e-05 8.252626283500269586e-04 9.379376229284951518e-04 9.476070829586856524e-04 9.476070829586856524e-04 9.476070829586856524e-04 9.476070829586856524e-04 9.476070829586856524e-04 9.476070829586856524e-04
4.031173493519871139e-05 8.413783950670106204e-04 9.476070829586856524e-04 9.476070829586856524e-04 9.476070829586856524e-04 9.476070829586856524e-04 9.476070829586856524e-04 9.476070829586856524e-04 9.476070829586856524e-04
5.226031665621247262e-05 8.999720996966231040e-04 9.476070829586856524e-04 9.476070829586856524e-04 9.476070829586856524e-04 9.476070829586856524e-04 9.476070829586856524e-04 9.476070829586856524e-04 9.476070829586856524e-04
7.299298088224879188e-05 9.380053091487057688e-04 9.476070829586856524e-04 9.476070829586856524e-04 9.476070829586856524e-04 9.476070829586856524e-04 9.476070829586856524e-04 9.476070829586856524e-04 9.476070829586856524e-04
7.330278674989400332e-05 9.379376229284951518e-04 9.476070829586856524e-04 9.476070829586856524e-04 9.476070829586856524e-04 9.476070829586856524e-04 9.476070829586856524e-04 9.476070829586856524e-04 9.476070829586856524e-04
8.875984503285428697e-05 9.379376229284951518e-04 9.476070829586856524e-04 9.476070829586856524e-04 9.476070829586856524e-04 9.476070829586856524e-04 9.476070829586856524e-04 9.476070829586856524e-04 9.476070829586856524e-04
9.160790746197462905e-05 9.476070829586856524e-04 9.476070829586856524e-04 9.476070829586856524e-04 9.476070829586856524e-04 9.476070829586856524e-04 9.476070829586856524e-04 9.476070829586856524e-04 9.476070829586856524e-04
1.092200483893638062e-04 9.476070829586856524e-04 9.476070829586856524e-04 9.476070829586856524e-04 9.476070829586856524e-04 9.476070829586856524e-04 9.476070829586856524e-04 9.476070829586856524e-04 9.476070829586856524e-04
1.169791687364731101e-04 9.476070829586856524e-04 9.476070829586856524e-04 9.476070829586856524e-04 9.476070829586856524e-04 9.476070829586856524e-04 9.476070829586856524e-04 9.476070829586856524e-04 9.476070829586856524e-04
1.214681442829433909e-04 9.476070829586856524e-04 9.476070829586856524e-04 9.476070829586856524e-04 9.476070829586856524e-04 9.476070829586856524e-04 9.476070829586856524e-04 9.476070829586856524e-04 9.476070829586856524e-04
1.307400971996237687e-04 9.476070829586856524e-04 9.476070829586856524e-04 9.476070829586856524e-04 9.476070829586856524e-04 9.476070829586856524e-04 9.476070829586856524e-04 9.476070829586856524e-04 9.476070829586856524e-04
1.415975304437307484e-04 9.476070829586856524e-04 9.476070829586856524e-04 9.476070829586856524e-04 9.476070829586856524e-04 9.476070829586856524e-04 9.476070829586856524e-04 9.476070829586856524e-04 9.476070829586856524e-04
1.444215817423385106e-04 9.476070829586856524e-04 9.476070829586856524e-04 9.476070829586856524e-04 9.476070829586856524e-04 9.476070829586856524e-04 9.476070829586856524e-04 9.476070829586856524e-04 9.476070829586856524e-04
1.541862267870210785e-04 9.476070829586856524e-04 9.476070829586856524e-04 9.476070829586856524e-04 9.476070829586856524e-04 9.476070829586856524e-04 9.476070829586856524e-04 9.476070829586856524e-04 9.476070829586856524e-04
1.621535622348268689e-04 9.476070829586856524e-04 9.476070829586856524e-04 9.476070829586856524e-04 9.476070829586856524e-04 9.476070829586856524e-04 9.476070829586856524e-04 9.476070829586856524e-04 9.476070829586856524e-04
1.715212249498391649e-04 9.476070829586856524e-04 9.476070829586856524e-04 9.476070829586856524e-04 9.476070829586856524e-04 9.476070829586856524e-04 9.476070829586856524e-04 9.476070829586856524e-04 9.476070829586856524e-04
1.703363834909272633e-04 9.476070829586856524e-04 9.476070829586856524e-04 9.476070829586856524e-04 9.476070829586856524e-04 9.476070829586856524e-04 9.476070829586856524e-04 9.476070829586856524e-04 9.476070829586856524e-04
1.782368631723034826e-04 9.476070829586856524e-04 9.476070829586856524e-04 9.476070829586856524e-04 9.476070829586856524e-04 9.476070829586856524e-04 9.476070829586856524e-04 9.476070829586856524e-04 9.476070829586856524e-04
1.812632613140181153e-04 9.476070829586856524e-04 9.476070829586856524e-04 9.476070829586856524e-04 9.476070829586856524e-04 9.476070829586856524e-04 9.476070829586856524e-04 9.476070829586856524e-04 9.476070829586856524e-04
1.849885286830589993e-04 9.476070829586856524e-04 9.476070829586856524e-04 9.476070829586856524e-04 9.476070829586856524e-04 9.476070829586856524e-04 9.476070829586856524e-04 9.476070829586856524e-04 9.476070829586856524e-04
1.861537061827847389e-04 9.476070829586856524e-04 9.476070829586856524e-04 9.476070829586856524e-04 9.476070829586856524e-04 9.476070829586856524e-04 9.476070829586856524e-04 9.476070829586856524e-04 9.476070829586856524e-04
1.880202230861361312e-04 9.476070829586856524e-04 9.476070829586856524e-04 9.476070829586856524e-04 9.476070829586856524e-04 9.476070829586856524e-04 9.476070829586856524e-04 9.476070829586856524e-04 9.476070829586856524e-04
1.876307699216186379e-04 9.476070829586856524e-04 9.476070829586856524e-04 9.476070829586856524e-04 9.476070829586856524e-04 9.476070829586856524e-04 9.476070829586856524e-04 9.476070829586856524e-04 9.476070829586856524e-04
1.880148081885192200e-04 9.476070829586856524e-04 9.476070829586856524e-04 9.476070829586856524e-04 9.476070829586856524e-04 9.476070829586856524e-04 9.476070829586856524e-04 9.476070829586856524e-04 9.476070829586856524e-04
1.891563304664958052e-04 9.476070829586856524e-04 9.476070829586856524e-04 9.476070829586856524e-04 9.476070829586856524e-04 9.476070829586856524e-04 9.476070829586856524e-04 9.476070829586856524e-04 9.476070829586856524e-04
