1.210251988119191498e-06 1.155981390991451289e-06 1.056147679729168725e-06 6.703595724003887690e-06 7.620991253644313290e-06 7.586977648202139091e-06 7.580174927113703234e-06 1.146744412050534457e-05 1.043083900226757513e-05
1.261087796620995717e-06 1.159719374447744862e-06 1.140641521084177168e-06 7.750566893424037435e-06 1.135827664399092715e-05 9.472627146096532696e-06 1.050242954324586882e-05 7.644962747003563612e-06 1.056041464204729250e-05
1.236391896351655010e-06 1.131889325370210830e-06 1.101819807735300557e-06 9.513443472627144447e-06 8.500809847748625326e-06 1.225170068027210582e-05 8.681567865241334749e-06 1.140265630061548419e-05 9.459021703919664372e-06
1.319210926937285197e-06 1.096698284947781947e-06 1.137151799687010903e-06 6.618399740848719742e-06 1.065241334629089800e-05 1.044444444444444684e-05 1.037285390346614807e-05 8.681567865241334749e-06 9.653385163589245507e-06
1.200721791063843156e-06 1.129889176327808199e-06 9.941077150735098292e-07 6.812763200518302571e-06 8.558794946550049001e-06 9.479429867184969400e-06 1.036605118237771306e-05 1.263362487852283646e-05 1.224489795918367419e-05
1.322790499611425239e-06 1.082046565104915206e-06 1.106185472624104378e-06 7.655004859086491726e-06 1.056041464204729589e-05 9.602202785876253453e-06 9.523809523809523056e-06 8.681567865241334749e-06 1.334629089731130740e-05
1.253740857845485458e-06 1.166097111771155890e-06 1.142854162009091472e-06 8.773566569484936859e-06 9.530612244897958065e-06 1.159701976028506702e-05 1.056721736313572920e-05 1.243926141885325533e-05 1.431810819565921816e-05
1.322270128708760201e-06 1.020071753270948589e-06 1.112916653359309177e-06 9.622610949141561869e-06 1.073760932944606510e-05 9.602202785876255147e-06 1.224489795918367419e-05 1.619695497246517591e-05 1.703919663103336591e-05
1.341903271480736222e-06 1.052930918846411901e-06 1.028079162807533216e-06 7.620991253644314137e-06 8.572400388726919020e-06 1.146744412050534457e-05 1.341107871720116609e-05 1.049562682215743212e-05 1.522513767411726515e-05
1.167270714232484807e-06 1.200032789328563854e-06 1.336988704715062640e-06 1.055004859086491558e-05 1.259604794298671612e-05 1.146744412050534457e-05 1.426012309685778940e-05 1.626174279235503798e-05 1.250404923874311740e-05
1.231742199227108671e-06 1.165245015063928545e-06 1.099654860379206464e-06 7.590217039196630500e-06 1.231648850016196789e-05 1.239488176222869998e-05 1.438289601554907515e-05 1.794622610949141460e-05 1.697440881114350723e-05
1.282880350888399399e-06 1.053238797866564631e-06 1.285365952327722720e-06 1.420894071914480074e-05 1.140265630061548419e-05 1.541950113378684798e-05 1.613216715257531723e-05 1.619695497246517591e-05 2.293488824101068914e-05
1.305139194958108070e-06 1.274542067218123752e-06 1.257593391034035153e-06 1.133430515063168191e-05 1.608778749595076357e-05 1.121509556203433637e-05 1.613216715257531723e-05 1.794622610949141460e-05 2.183349530288306102e-05
1.281448266317481382e-06 1.166557865712795082e-06 1.255120564657787906e-06 1.345189504373177614e-05 1.713119533527696802e-05 2.468415937803693122e-05 2.468415937803693122e-05 2.960803368966634369e-05 2.941367022999675747e-05
1.321429955393738068e-06 1.202209660076863370e-06 1.248057658118020378e-06 1.615257531584062225e-05 2.384872044055717623e-05 2.669258179462261481e-05 2.481373501781664520e-05 3.420796890184645597e-05 3.725299643666990561e-05
1.518243428826930012e-06 1.198139950816007280e-06 1.364393770027572902e-06 2.275413022351797633e-05 2.941367022999675747e-05 3.239390994493035182e-05 3.971493359248461015e-05 4.755425979915775829e-05 4.859086491739553112e-05
1.271688118126749934e-06 1.386560207807692667e-06 1.662691067037143322e-06 2.487852283770651066e-05 3.336572724327826258e-05 4.574020084224165414e-05 4.962747003563329040e-05 6.310333657272431686e-05 6.491739552964044134e-05
1.333620772252562985e-06 1.424009453546676684e-06 1.890749363908317666e-06 2.962163913184321032e-05 4.269517330741820450e-05 5.617103984450922419e-05 6.005830903790087400e-05 7.055393586005829934e-05 7.910592808551991672e-05
1.472093087626286920e-06 1.524362684040752153e-06 2.607594774999201276e-06 4.736669906057661047e-05 5.824425008098476985e-05 6.569484936831875910e-05 7.632005183025590859e-05 8.577907353417556788e-05 9.329446064139939210e-05
1.406817199493255923e-06 1.829047512588760278e-06 3.639193041848977190e-06 5.727243278263687264e-05 7.243278263686426556e-05 8.066083576287657935e-05 9.044379656624552868e-05 9.238743116294136375e-05 9.523809523809522717e-05
1.468223946855737503e-06 2.435318791053197355e-06 4.846257651730488296e-06 6.763848396501456707e-05 7.625526401036605330e-05 9.135082604470357059e-05 9.523809523809522717e-05 9.523809523809522717e-05 9.523809523809522717e-05
1.757198002831805879e-06 3.115944343308528064e-06 6.411415370530058601e-06 8.564949789439585729e-05 9.154518950437317713e-05 9.426627793974731641e-05 9.523809523809522717e-05 9.523809523809522717e-05 9.523809523809522717e-05
1.979371679814335700e-06 4.098096728519262304e-06 8.882998733139578189e-06 8.862973760932943131e-05 9.523809523809522717e-05 9.523809523809522717e-05 9.523809523809522717e-05 9.523809523809522717e-05 9.523809523809522717e-05
2.316643565094269194e-06 5.979528387254744995e-06 1.158409632397559823e-05 9.523809523809522717e-05 9.523809523809522717e-05 9.523809523809522717e-05 9.523809523809522717e-05 9.523809523809522717e-05 9.523809523809522717e-05
2.834800123492276142e-06 8.461392268957661705e-06 1.444168843750332691e-05 9.523809523809522717e-05 9.523809523809522717e-05 9.523809523809522717e-05 9.523809523809522717e-05 9.523809523809522717e-05 9.523809523809522717e-05
2.974010837511843434e-06 1.114777213545825292e-05 1.687453355050940552e-05 9.523809523809522717e-05 9.523809523809522717e-05 9.523809523809522717e-05 9.523809523809522717e-05 9.523809523809522717e-05 9.523809523809522717e-05
4.051481800858058065e-06 1.365368251839076566e-05 1.870615821915621140e-05 9.523809523809522717e-05 9.523809523809522717e-05 9.523809523809522717e-05 9.523809523809522717e-05 9.523809523809522717e-05 9.523809523809522717e-05
5.252359447691439621e-06 1.452038665857579480e-05 1.889538287928630117e-05 9.523809523809522717e-05 9.523809523809522717e-05 9.523809523809522717e-05 9.523809523809522717e-05 9.523809523809522717e-05 9.523809523809522717e-05
7.336070603515272306e-06 1.664917249528919700e-05 1.900982615268329945e-05 9.523809523809522717e-05 9.523809523809522717e-05 9.523809523809522717e-05 9.523809523809522717e-05 9.523809523809522717e-05 9.523809523809522717e-05
7.367207264752536727e-06 1.802274003811227000e-05 1.904761904761905289e-05 9.523809523809522717e-05 9.523809523809522717e-05 9.523809523809522717e-05 9.523809523809522717e-05 9.523809523809522717e-05 9.523809523809522717e-05
8.920700073456612315e-06 1.847833626095195280e-05 1.904761904761905289e-05 9.523809523809522717e-05 9.523809523809522717e-05 9.523809523809522717e-05 9.523809523809522717e-05 9.523809523809522717e-05 9.523809523809522717e-05
9.206941117605102408e-06 1.881900460966859088e-05 1.904761904761905289e-05 9.523809523809522717e-05 9.523809523809522717e-05 9.523809523809522717e-05 9.523809523809522717e-05 9.523809523809522717e-05 9.523809523809522717e-05
1.097702788157516324e-05 1.885652539576080977e-05 1.904761904761905289e-05 9.523809523809522717e-05 9.523809523809522717e-05 9.523809523809522717e-05 9.523809523809522717e-05 9.523809523809522717e-05 9.523809523809522717e-05
1.175684881777437126e-05 1.900982615268329945e-05 1.904761904761905289e-05 9.523809523809522717e-05 9.523809523809522717e-05 9.523809523809522717e-05 9.523809523809522717e-05 9.523809523809522717e-05 9.523809523809522717e-05
1.220800783537201898e-05 1.904761904761905289e-05 1.904761904761905289e-05 9.523809523809522717e-05 9.523809523809522717e-05 9.523809523809522717e-05 9.523809523809522717e-05 9.523809523809522717e-05 9.523809523809522717e-05
1.313987416562869026e-05 1.904761904761905289e-05 1.904761904761905289e-05 9.523809523809522717e-05 9.523809523809522717e-05 9.523809523809522717e-05 9.523809523809522717e-05 9.523809523809522717e-05 9.523809523809522717e-05
1.423108726432670015e-05 1.900929385838842539e-05 1.904761904761905289e-05 9.523809523809522717e-05 9.523809523809522717e-05 9.523809523809522717e-05 9.523809523809522717e-05 9.523809523809522717e-05 9.523809523809522717e-05
1.451491509905996778e-05 1.904761904761905289e-05 1.904761904761905289e-05 9.523809523809522717e-05 9.523809523809522717e-05 9.523809523809522717e-05 9.523809523809522717e-05 9.523809523809522717e-05 9.523809523809522717e-05
1.549629885130891243e-05 1.904761904761905289e-05 1.904761904761905289e-05 9.523809523809522717e-05 9.523809523809522717e-05 9.523809523809522717e-05 9.523809523809522717e-05 9.523809523809522717e-05 9.523809523809522717e-05
1.629704619249890902e-05 1.904761904761905289e-05 1.904761904761905289e-05 9.523809523809522717e-05 9.523809523809522717e-05 9.523809523809522717e-05 9.523809523809522717e-05 9.523809523809522717e-05 9.523809523809522717e-05
1.723853171941703134e-05 1.904761904761905289e-05 1.904761904761905289e-05 9.523809523809522717e-05 9.523809523809522717e-05 9.523809523809522717e-05 9.523809523809522717e-05 9.523809523809522717e-05 9.523809523809522717e-05
1.711945067228769300e-05 1.904761904761905289e-05 1.904761904761905289e-05 9.523809523809522717e-05 9.523809523809522717e-05 9.523809523809522717e-05 9.523809523809522717e-05 9.523809523809522717e-05 9.523809523809522717e-05
1.791347875613469106e-05 1.904761904761905289e-05 1.904761904761905289e-05 9.523809523809522717e-05 9.523809523809522717e-05 9.523809523809522717e-05 9.523809523809522717e-05 9.523809523809522717e-05 9.523809523809522717e-05
1.821764321378003415e-05 1.904761904761905289e-05 1.904761904761905289e-05 9.523809523809522717e-05 9.523809523809522717e-05 9.523809523809522717e-05 9.523809523809522717e-05 9.523809523809522717e-05 9.523809523809522717e-05
1.859204667156377034e-05 1.904761904761905289e-05 1.904761904761905289e-05 9.523809523809522717e-05 9.523809523809522717e-05 9.523809523809522717e-05 9.523809523809522717e-05 9.523809523809522717e-05 9.523809523809522717e-05
1.870915141643511860e-05 1.904761904761905289e-05 1.904761904761905289e-05 9.523809523809522717e-05 9.523809523809522717e-05 9.523809523809522717e-05 9.523809523809522717e-05 9.523809523809522717e-05 9.523809523809522717e-05
1.889674342350398410e-05 1.904761904761905289e-05 1.904761904761905289e-05 9.523809523809522717e-05 9.523809523809522717e-05 9.523809523809522717e-05 9.523809523809522717e-05 9.523809523809522717e-05 9.523809523809522717e-05
1.885760190774275294e-05 1.904761904761905289e-05 1.904761904761905289e-05 9.523809523809522717e-05 9.523809523809522717e-05 9.523809523809522717e-05 9.523809523809522717e-05 9.523809523809522717e-05 9.523809523809522717e-05
1.889619920581691500e-05 1.904761904761905289e-05 1.904761904761905289e-05 9.523809523809522717e-05 9.523809523809522717e-05 9.523809523809522717e-05 9.523809523809522717e-05 9.523809523809522717e-05 9.523809523809522717e-05
1.901092651144964965e-05 1.904761904761905289e-05 1.904761904761905289e-05 9.523809523809522717e-05 9.523809523809522717e-05 9.523809523809522717e-05 9.523809523809522717e-05 9.523809523809522717e-05 9.523809523809522717e-05
