1.210251988119191498e-06 8.022027858762550371e-06 7.651441528992548126e-06 6.703595724003887690e-06 7.620991253644313290e-06 7.586977648202139091e-06 7.580174927113703234e-06 1.146744412050534457e-05 1.043083900226757513e-05
1.261087796620995717e-06 6.133138969873661967e-06 7.692257855523159876e-06 7.750566893424037435e-06 1.135827664399092715e-05 9.472627146096532696e-06 1.050242954324586882e-05 7.644962747003563612e-06 1.056041464204729250e-05
1.236391896351655010e-06 7.238095238095236235e-06 6.873663751214772242e-06 9.513443472627144447e-06 8.500809847748625326e-06 1.225170068027210582e-05 8.681567865241334749e-06 1.140265630061548419e-05 9.459021703919664372e-06
1.319210926937285197e-06 9.184645286686102052e-06 7.866213151927437677e-06 6.618399740848719742e-06 1.065241334629089800e-05 1.044444444444444684e-05 1.037285390346614807e-05 8.681567865241334749e-06 9.653385163589245507e-06
1.200721791063843156e-06 8.264334305150632150e-06 7.757045675413021949e-06 6.812763200518302571e-06 8.558794946550049001e-06 9.479429867184969400e-06 1.036605118237771306e-05 1.263362487852283646e-05 1.224489795918367419e-05
1.322790499611425239e-06 6.320375769355360138e-06 7.968253968253966206e-06 7.655004859086491726e-06 1.056041464204729589e-05 9.602202785876253453e-06 9.523809523809523056e-06 8.681567865241334749e-06 1.334629089731130740e-05
1.253740857845485458e-06 6.218334953028830762e-06 5.922254616132165665e-06 8.773566569484936859e-06 9.530612244897958065e-06 1.159701976028506702e-05 1.056721736313572920e-05 1.243926141885325533e-05 1.431810819565921816e-05
1.322270128708760201e-06 7.105280207321022375e-06 8.994493035309360427e-06 9.622610949141561869e-06 1.073760932944606510e-05 9.602202785876255147e-06 1.224489795918367419e-05 1.619695497246517591e-05 1.703919663103336591e-05
1.341903271480736222e-06 8.029478458049886373e-06 7.903466148364105828e-06 7.620991253644314137e-06 8.572400388726919020e-06 1.146744412050534457e-05 1.341107871720116609e-05 1.049562682215743212e-05 1.522513767411726515e-05
1.167270714232484807e-06 7.067703271784904575e-06 7.723032069970845208e-06 1.055004859086491558e-05 1.259604794298671612e-05 1.146744412050534457e-05 1.426012309685778940e-05 1.626174279235503798e-05 1.250404923874311740e-05
1.231742199227108671e-06 6.105928085519921083e-06 8.977648202137997305e-06 7.590217039196630500e-06 1.231648850016196789e-05 1.239488176222869998e-05 1.438289601554907515e-05 1.794622610949141460e-05 1.697440881114350723e-05
1.282880350888399399e-06 7.312925170068025573e-06 1.060447035957239905e-05 1.420894071914480074e-05 1.140265630061548419e-05 1.541950113378684798e-05 1.613216715257531723e-05 1.619695497246517591e-05 2.293488824101068914e-05
1.305139194958108070e-06 7.919987042436020148e-06 9.898283122772917703e-06 1.133430515063168191e-05 1.608778749595076357e-05 1.121509556203433637e-05 1.613216715257531723e-05 1.794622610949141460e-05 2.183349530288306102e-05
1.281448266317481382e-06 9.086167800453513735e-06 1.066925817946225942e-05 1.345189504373177614e-05 1.713119533527696802e-05 2.468415937803693122e-05 2.468415937803693122e-05 2.960803368966634369e-05 2.941367022999675747e-05
1.321429955393738068e-06 9.024943310657595262e-06 1.129672821509556157e-05 1.615257531584062225e-05 2.384872044055717623e-05 2.669258179462261481e-05 2.481373501781664520e-05 3.420796890184645597e-05 3.725299643666990561e-05
1.518243428826930012e-06 9.939099449303532842e-06 1.833138969873663666e-05 2.275413022351797633e-05 2.941367022999675747e-05 3.239390994493035182e-05 3.971493359248461015e-05 4.755425979915775829e-05 4.859086491739553112e-05
1.271688118126749934e-06 1.356721736313572758e-05 2.207547781017168552e-05 2.487852283770651066e-05 3.336572724327826258e-05 4.574020084224165414e-05 4.962747003563329040e-05 6.310333657272431686e-05 6.491739552964044134e-05
1.333620772252562985e-06 1.476741172659539791e-05 2.855425979915775385e-05 2.962163913184321032e-05 4.269517330741820450e-05 5.617103984450922419e-05 6.005830903790087400e-05 7.055393586005829934e-05 7.910592808551991672e-05
1.472093087626286920e-06 2.003563330093942069e-05 2.963524457402008034e-05 4.736669906057661047e-05 5.824425008098476985e-05 6.569484936831875910e-05 7.632005183025590859e-05 8.577907353417556788e-05 9.329446064139939210e-05
1.406817199493255923e-06 2.331292517006802061e-05 3.903628117913831934e-05 5.727243278263687264e-05 7.243278263686426556e-05 8.066083576287657935e-05 9.044379656624552868e-05 9.238743116294136375e-05 9.523809523809522717e-05
1.468223946855737503e-06 2.786524133462909121e-05 4.763265306122449716e-05 6.763848396501456707e-05 7.625526401036605330e-05 9.135082604470357059e-05 9.523809523809522717e-05 9.523809523809522717e-05 9.523809523809522717e-05
1.757198002831805879e-06 3.655361192095885758e-05 6.220310981535471335e-05 8.564949789439585729e-05 9.154518950437317713e-05 9.426627793974731641e-05 9.523809523809522717e-05 9.523809523809522717e-05 9.523809523809522717e-05
1.979371679814335700e-06 4.967152575315840880e-05 6.971169420149012628e-05 8.862973760932943131e-05 9.523809523809522717e-05 9.523809523809522717e-05 9.523809523809522717e-05 9.523809523809522717e-05 9.523809523809522717e-05
2.316643565094269194e-06 5.915451895043731333e-05 8.564949789439583018e-05 9.523809523809522717e-05 9.523809523809522717e-05 9.523809523809522717e-05 9.523809523809522717e-05 9.523809523809522717e-05 9.523809523809522717e-05
2.834800123492276142e-06 6.284062196307093175e-05 9.232264334305152200e-05 9.523809523809522717e-05 9.523809523809522717e-05 9.523809523809522717e-05 9.523809523809522717e-05 9.523809523809522717e-05 9.523809523809522717e-05
2.974010837511843434e-06 8.294201490119856770e-05 9.426627793974731641e-05 9.523809523809522717e-05 9.523809523809522717e-05 9.523809523809522717e-05 9.523809523809522717e-05 9.523809523809522717e-05 9.523809523809522717e-05
4.051481800858058065e-06 8.456171039844509918e-05 9.523809523809522717e-05 9.523809523809522717e-05 9.523809523809522717e-05 9.523809523809522717e-05 9.523809523809522717e-05 9.523809523809522717e-05 9.523809523809522717e-05
5.252359447691439621e-06 9.045059928733398063e-05 9.523809523809522717e-05 9.523809523809522717e-05 9.523809523809522717e-05 9.523809523809522717e-05 9.523809523809522717e-05 9.523809523809522717e-05 9.523809523809522717e-05
7.336070603515272306e-06 9.427308066083576836e-05 9.523809523809522717e-05 9.523809523809522717e-05 9.523809523809522717e-05 9.523809523809522717e-05 9.523809523809522717e-05 9.523809523809522717e-05 9.523809523809522717e-05
7.367207264752536727e-06 9.426627793974731641e-05 9.523809523809522717e-05 9.523809523809522717e-05 9.523809523809522717e-05 9.523809523809522717e-05 9.523809523809522717e-05 9.523809523809522717e-05 9.523809523809522717e-05
8.920700073456612315e-06 9.426627793974731641e-05 9.523809523809522717e-05 9.523809523809522717e-05 9.523809523809522717e-05 9.523809523809522717e-05 9.523809523809522717e-05 9.523809523809522717e-05 9.523809523809522717e-05
9.206941117605102408e-06 9.523809523809522717e-05 9.523809523809522717e-05 9.523809523809522717e-05 9.523809523809522717e-05 9.523809523809522717e-05 9.523809523809522717e-05 9.523809523809522717e-05 9.523809523809522717e-05
1.097702788157516324e-05 9.523809523809522717e-05 9.523809523809522717e-05 9.523809523809522717e-05 9.523809523809522717e-05 9.523809523809522717e-05 9.523809523809522717e-05 9.523809523809522717e-05 9.523809523809522717e-05
1.175684881777437126e-05 9.523809523809522717e-05 9.523809523809522717e-05 9.523809523809522717e-05 9.523809523809522717e-05 9.523809523809522717e-05 9.523809523809522717e-05 9.523809523809522717e-05 9.523809523809522717e-05
1.220800783537201898e-05 9.523809523809522717e-05 9.523809523809522717e-05 9.523809523809522717e-05 9.523809523809522717e-05 9.523809523809522717e-05 9.523809523809522717e-05 9.523809523809522717e-05 9.523809523809522717e-05
1.313987416562869026e-05 9.523809523809522717e-05 9.523809523809522717e-05 9.523809523809522717e-05 9.523809523809522717e-05 9.523809523809522717e-05 9.523809523809522717e-05 9.523809523809522717e-05 9.523809523809522717e-05
1.423108726432670015e-05 9.523809523809522717e-05 9.523809523809522717e-05 9.523809523809522717e-05 9.523809523809522717e-05 9.523809523809522717e-05 9.523809523809522717e-05 9.523809523809522717e-05 9.523809523809522717e-05
1.451491509905996778e-05 9.523809523809522717e-05 9.523809523809522717e-05 9.523809523809522717e-05 9.523809523809522717e-05 9.523809523809522717e-05 9.523809523809522717e-05 9.523809523809522717e-05 9.523809523809522717e-05
1.549629885130891243e-05 9.523809523809522717e-05 9.523809523809522717e-05 9.523809523809522717e-05 9.523809523809522717e-05 9.523809523809522717e-05 9.523809523809522717e-05 9.523809523809522717e-05 9.523809523809522717e-05
1.629704619249890902e-05 9.523809523809522717e-05 9.523809523809522717e-05 9.523809523809522717e-05 9.523809523809522717e-05 9.523809523809522717e-05 9.523809523809522717e-05 9.523809523809522717e-05 9.523809523809522717e-05
1.723853171941703134e-05 9.523809523809522717e-05 9.523809523809522717e-05 9.523809523809522717e-05 9.523809523809522717e-05 9.523809523809522717e-05 9.523809523809522717e-05 9.523809523809522717e-05 9.523809523809522717e-05
1.711945067228769300e-05 9.523809523809522717e-05 9.523809523809522717e-05 9.523809523809522717e-05 9.523809523809522717e-05 9.523809523809522717e-05 9.523809523809522717e-05 9.523809523809522717e-05 9.523809523809522717e-05
1.791347875613469106e-05 9.523809523809522717e-05 9.523809523809522717e-05 9.523809523809522717e-05 9.523809523809522717e-05 9.523809523809522717e-05 9.523809523809522717e-05 9.523809523809522717e-05 9.523809523809522717e-05
1.821764321378003415e-05 9.523809523809522717e-05 9.523809523809522717e-05 9.523809523809522717e-05 9.523809523809522717e-05 9.523809523809522717e-05 9.523809523809522717e-05 9.523809523809522717e-05 9.523809523809522717e-05
1.859204667156377034e-05 9.523809523809522717e-05 9.523809523809522717e-05 9.523809523809522717e-05 9.523809523809522717e-05 9.523809523809522717e-05 9.523809523809522717e-05 9.523809523809522717e-05 9.523809523809522717e-05
1.870915141643511860e-05 9.523809523809522717e-05 9.523809523809522717e-05 9.523809523809522717e-05 9.523809523809522717e-05 9.523809523809522717e-05 9.523809523809522717e-05 9.523809523809522717e-05 9.523809523809522717e-05
1.889674342350398410e-05 9.523809523809522717e-05 9.523809523809522717e-05 9.523809523809522717e-05 9.523809523809522717e-05 9.523809523809522717e-05 9.523809523809522717e-05 9.523809523809522717e-05 9.523809523809522717e-05
1.885760190774275294e-05 9.523809523809522717e-05 9.523809523809522717e-05 9.523809523809522717e-05 9.523809523809522717e-05 9.523809523809522717e-05 9.523809523809522717e-05 9.523809523809522717e-05 9.523809523809522717e-05
1.889619920581691500e-05 9.523809523809522717e-05 9.523809523809522717e-05 9.523809523809522717e-05 9.523809523809522717e-05 9.523809523809522717e-05 9.523809523809522717e-05 9.523809523809522717e-05 9.523809523809522717e-05
1.901092651144964965e-05 9.523809523809522717e-05 9.523809523809522717e-05 9.523809523809522717e-05 9.523809523809522717e-05 9.523809523809522717e-05 9.523809523809522717e-05 9.523809523809522717e-05 9.523809523809522717e-05
