7.141540862964487128e-05 7.981816939588059676e-05 7.613088197103458073e-05 6.669993528825525670e-05 7.582790555675522366e-05 7.548947445569861468e-05 7.542178823548721157e-05 1.140996283562499054e-04 0.000000000000000000e+00
6.059528285586154774e-05 6.102396225053333150e-05 7.653699929230251150e-05 7.711716689411403478e-05 1.130134256795251138e-04 9.425145006761188459e-05 1.044978545462704961e-04 7.606641890416660358e-05 0.000000000000000000e+00
7.022928819927483715e-05 7.201813830486005104e-05 6.839209079353862685e-05 9.465756738887986957e-05 8.458199003742116709e-05 1.219028826006137144e-04 8.638050960303667242e-05 1.134549976875704863e-04 0.000000000000000000e+00
6.962333537071624498e-05 9.138606674533204864e-05 7.826783263770668148e-05 6.585224595894185865e-05 1.059901745442634081e-04 1.039209100978025072e-04 1.032085932089118883e-04 8.638050960303667242e-05 0.000000000000000000e+00
7.229532949239225791e-05 8.222908809674143776e-05 7.718162996098194416e-05 6.778613796498000757e-05 8.515893448588923731e-05 9.431913628782323349e-05 1.031409069887004310e-04 1.257029803924786769e-04 0.000000000000000000e+00
8.037577492428824672e-05 6.288694488301672589e-05 7.928312594087671169e-05 7.616633665781187329e-05 1.050747989947386476e-04 9.554071140497060084e-05 9.476070829586855169e-05 8.638050960303667242e-05 0.000000000000000000e+00
7.973436740895224002e-05 6.187165157984672278e-05 5.892568942398192217e-05 8.729588515256135161e-05 9.482839451607992770e-05 1.153888896936086487e-04 1.051424852149499423e-04 1.237690883864405551e-04 0.000000000000000000e+00
7.668526434609880473e-05 7.069664543406733266e-05 8.949407573275804421e-05 9.574377006560460689e-05 1.068378638735767113e-04 9.554071140497061439e-05 1.218351963804024197e-04 1.611576671698445326e-04 0.000000000000000000e+00
6.063073754263889452e-05 7.989230192277872982e-05 7.863849527219731969e-05 7.582790555675523721e-05 8.529430692631189445e-05 1.140996283562499054e-04 1.334385484166311913e-04 1.044301683260591743e-04 0.000000000000000000e+00
7.895114114650680557e-05 7.032275964623330915e-05 7.684319885992522677e-05 1.049716580877498435e-04 1.253290946046446263e-04 1.140996283562499054e-04 1.418864333296745550e-04 1.618022978385238433e-04 0.000000000000000000e+00
6.908184560902554865e-05 6.075321736968795623e-05 8.932647175890142560e-05 7.552170598913249483e-05 1.225475132692931471e-04 1.233275163783951556e-04 1.431080084468219901e-04 1.785626952241877645e-04 0.000000000000000000e+00
7.901882736671812736e-05 7.276268672718476697e-05 1.055131478494405399e-04 1.413771751014178066e-04 1.134549976875704863e-04 1.534220991456919912e-04 1.605130365011650593e-04 1.611576671698445326e-04 0.000000000000000000e+00
7.175706288404496043e-05 7.880287609271055299e-05 9.848667356083531336e-05 1.127749123321137746e-04 1.600714644931197953e-04 1.115887919017437404e-04 1.605130365011650593e-04 1.785626952241877645e-04 0.000000000000000000e+00
7.989874822946548688e-05 9.040622812893935165e-05 1.061577785181198912e-04 1.338446657378992034e-04 1.704532414122011453e-04 2.456042847668429342e-04 2.456042847668429342e-04 2.945962155864756968e-04 0.000000000000000000e+00
8.044023799115615611e-05 8.979705214703738773e-05 1.124010265442797511e-04 1.607160951617990518e-04 2.372917722942224309e-04 2.655878354959038696e-04 2.468935461042017182e-04 3.403649930627116620e-04 0.000000000000000000e+00
7.868361941900489014e-05 9.889279088210344742e-05 1.823950245494865123e-04 2.264007371468843054e-04 2.926623235804377918e-04 3.223153343396890653e-04 3.951585999004589528e-04 4.731589108106634884e-04 0.000000000000000000e+00
7.820659272418211674e-05 1.349921083281485190e-04 2.196482308924678733e-04 2.475381767728811102e-04 3.319847943698796744e-04 4.551092520876410001e-04 4.937870922084034364e-04 6.278702712937140468e-04 0.000000000000000000e+00
8.014048473022021145e-05 1.469338914654339673e-04 2.841112977604053394e-04 2.947315880268983946e-04 4.248116106597101720e-04 5.588947897450208908e-04 5.975726298657830018e-04 7.020027981918428809e-04 0.000000000000000000e+00
7.939271315455221864e-05 1.993520342890975198e-04 2.948669604673210924e-04 4.712927050248367426e-04 5.795229711427611098e-04 6.536554980408890766e-04 7.593749277043069807e-04 8.534910053314959371e-04 0.000000000000000000e+00
9.095738735066021745e-05 2.319606766642437836e-04 3.884060936460421412e-04 5.698535111125700671e-04 7.206970875835446528e-04 8.025651825058257574e-04 8.999044134764110775e-04 9.192433335367933799e-04 0.000000000000000000e+00
1.140061569092913521e-04 2.772556505990005234e-04 4.739389139197657409e-04 6.729944181012709453e-04 7.587302970356278597e-04 9.089292428379221319e-04 9.476070829586856524e-04 9.476070829586856524e-04 0.000000000000000000e+00
1.991264135550598979e-04 3.637038464222484770e-04 6.189131281524145852e-04 8.522017439941375868e-04 9.108631348439615548e-04 9.379376229284951518e-04 9.476070829586856524e-04 9.476070829586856524e-04 0.000000000000000000e+00
2.172792131850709871e-04 4.942254410631054641e-04 6.936225994990107306e-04 8.818547547533885349e-04 9.476070829586856524e-04 9.476070829586856524e-04 9.476070829586856524e-04 9.476070829586856524e-04 0.000000000000000000e+00
1.906172887284920644e-04 5.885800320377058276e-04 8.522017439941373699e-04 9.476070829586856524e-04 9.476070829586856524e-04 9.476070829586856524e-04 9.476070829586856524e-04 9.476070829586856524e-04 0.000000000000000000e+00
2.494076057120513091e-04 6.252562939322189829e-04 9.185987028681142589e-04 9.476070829586856524e-04 9.476070829586856524e-04 9.476070829586856524e-04 9.476070829586856524e-04 9.476070829586856524e-04 0.000000000000000000e+00
3.122171949148266250e-04 8.252626283500269586e-04 9.379376229284951518e-04 9.476070829586856524e-04 9.476070829586856524e-04 9.476070829586856524e-04 9.476070829586856524e-04 9.476070829586856524e-04 0.000000000000000000e+00
4.244216091051592355e-04 8.413783950670106204e-04 9.476070829586856524e-04 9.476070829586856524e-04 9.476070829586856524e-04 9.476070829586856524e-04 9.476070829586856524e-04 9.476070829586856524e-04 0.000000000000000000e+00
4.124121397476620317e-04 8.999720996966231040e-04 9.476070829586856524e-04 9.476070829586856524e-04 9.476070829586856524e-04 9.476070829586856524e-04 9.476070829586856524e-04 9.476070829586856524e-04 0.000000000000000000e+00
4.894680667282517864e-04 9.380053091487057688e-04 9.476070829586856524e-04 9.476070829586856524e-04 9.476070829586856524e-04 9.476070829586856524e-04 9.476070829586856524e-04 9.476070829586856524e-04 0.000000000000000000e+00
6.463872872515295321e-04 9.379376229284951518e-04 9.476070829586856524e-04 9.476070829586856524e-04 9.476070829586856524e-04 9.476070829586856524e-04 9.476070829586856524e-04 9.476070829586856524e-04 0.000000000000000000e+00
6.159897280699531226e-04 9.379376229284951518e-04 9.476070829586856524e-04 9.476070829586856524e-04 9.476070829586856524e-04 9.476070829586856524e-04 9.476070829586856524e-04 9.476070829586856524e-04 0.000000000000000000e+00
7.026764372406129168e-04 9.476070829586856524e-04 9.476070829586856524e-04 9.476070829586856524e-04 9.476070829586856524e-04 9.476070829586856524e-04 9.476070829586856524e-04 9.476070829586856524e-04 0.000000000000000000e+00
7.987264068738399950e-04 9.476070829586856524e-04 9.476070829586856524e-04 9.476070829586856524e-04 9.476070829586856524e-04 9.476070829586856524e-04 9.476070829586856524e-04 9.476070829586856524e-04 0.000000000000000000e+00
8.083958669040302789e-04 9.476070829586856524e-04 9.476070829586856524e-04 9.476070829586856524e-04 9.476070829586856524e-04 9.476070829586856524e-04 9.476070829586856524e-04 9.476070829586856524e-04 0.000000000000000000e+00
8.535909230851415185e-04 9.476070829586856524e-04 9.476070829586856524e-04 9.476070829586856524e-04 9.476070829586856524e-04 9.476070829586856524e-04 9.476070829586856524e-04 9.476070829586856524e-04 0.000000000000000000e+00
8.244471705541475898e-04 9.476070829586856524e-04 9.476070829586856524e-04 9.476070829586856524e-04 9.476070829586856524e-04 9.476070829586856524e-04 9.476070829586856524e-04 9.476070829586856524e-04 0.000000000000000000e+00
9.101153632682926946e-04 9.476070829586856524e-04 9.476070829586856524e-04 9.476070829586856524e-04 9.476070829586856524e-04 9.476070829586856524e-04 9.476070829586856524e-04 9.476070829586856524e-04 0.000000000000000000e+00
9.293189108882518113e-04 9.476070829586856524e-04 9.476070829586856524e-04 9.476070829586856524e-04 9.476070829586856524e-04 9.476070829586856524e-04 9.476070829586856524e-04 9.476070829586856524e-04 0.000000000000000000e+00
9.098446183874475159e-04 9.476070829586856524e-04 9.476070829586856524e-04 9.476070829586856524e-04 9.476070829586856524e-04 9.476070829586856524e-04 9.476070829586856524e-04 9.476070829586856524e-04 0.000000000000000000e+00
9.382083678093404390e-04 9.476070829586856524e-04 9.476070829586856524e-04 9.476070829586856524e-04 9.476070829586856524e-04 9.476070829586856524e-04 9.476070829586856524e-04 9.476070829586856524e-04 0.000000000000000000e+00
9.380729953689172533e-04 9.476070829586856524e-04 9.476070829586856524e-04 9.476070829586856524e-04 9.476070829586856524e-04 9.476070829586856524e-04 9.476070829586856524e-04 9.476070829586856524e-04 0.000000000000000000e+00
9.380053091487055520e-04 9.476070829586856524e-04 9.476070829586856524e-04 9.476070829586856524e-04 9.476070829586856524e-04 9.476070829586856524e-04 9.476070829586856524e-04 9.476070829586856524e-04 0.000000000000000000e+00
9.476747691788965948e-04 9.476070829586856524e-04 9.476070829586856524e-04 9.476070829586856524e-04 9.476070829586856524e-04 9.476070829586856524e-04 9.476070829586856524e-04 9.476070829586856524e-04 0.000000000000000000e+00
9.476747691788965948e-04 9.476070829586856524e-04 9.476070829586856524e-04 9.476070829586856524e-04 9.476070829586856524e-04 9.476070829586856524e-04 9.476070829586856524e-04 9.476070829586856524e-04 0.000000000000000000e+00
9.476070829586856524e-04 9.476070829586856524e-04 9.476070829586856524e-04 9.476070829586856524e-04 9.476070829586856524e-04 9.476070829586856524e-04 9.476070829586856524e-04 9.476070829586856524e-04 0.000000000000000000e+00
9.476070829586856524e-04 9.476070829586856524e-04 9.476070829586856524e-04 9.476070829586856524e-04 9.476070829586856524e-04 9.476070829586856524e-04 9.476070829586856524e-04 9.476070829586856524e-04 0.000000000000000000e+00
9.385822535971743812e-04 9.476070829586856524e-04 9.476070829586856524e-04 9.476070829586856524e-04 9.476070829586856524e-04 9.476070829586856524e-04 9.476070829586856524e-04 9.476070829586856524e-04 0.000000000000000000e+00
9.476070829586856524e-04 9.476070829586856524e-04 9.476070829586856524e-04 9.476070829586856524e-04 9.476070829586856524e-04 9.476070829586856524e-04 9.476070829586856524e-04 9.476070829586856524e-04 0.000000000000000000e+00
9.476070829586856524e-04 9.476070829586856524e-04 9.476070829586856524e-04 9.476070829586856524e-04 9.476070829586856524e-04 9.476070829586856524e-04 9.476070829586856524e-04 9.476070829586856524e-04 0.000000000000000000e+00
9.476070829586856524e-04 9.476070829586856524e-04 9.476070829586856524e-04 9.476070829586856524e-04 9.476070829586856524e-04 9.476070829586856524e-04 9.476070829586856524e-04 9.476070829586856524e-04 0.000000000000000000e+00
