1.204185523911906044e-05 1.150186961565530401e-05 1.050853673059828340e-05 1.116254450568064713e-05 1.029170355341298419e-05 1.063501145193214278e-05 7.542178823548721157e-05 1.140996283562499054e-04 1.037855376573799178e-04
1.254766514726359585e-05 1.153906208144654494e-05 1.134923983720942306e-05 1.149008225636716709e-05 1.067032692269655857e-05 1.134729928704623638e-05 1.044978545462704961e-04 7.606641890416660358e-05 1.050747989947386205e-04
1.230194404210326708e-05 1.126215658938446773e-05 1.096296866651856157e-05 1.339179599422846842e-05 1.065973439997177860e-05 1.213138324118888336e-05 8.638050960303667242e-05 1.134549976875704863e-04 9.411607762718918679e-05
1.312598299196377951e-05 1.091201015819419468e-05 1.131451754771759198e-05 1.115995569312671865e-05 1.101976153635972828e-05 1.102976087781192016e-05 1.032085932089118883e-04 8.638050960303667242e-05 9.604996963322732216e-05
1.194703097568683652e-05 1.124225535768915328e-05 9.891246876289094519e-06 1.109768437053228769e-05 1.031053705881763261e-05 1.139520291181677592e-05 1.031409069887004310e-04 1.257029803924786769e-04 1.218351963804024197e-04
1.316159929037356702e-05 1.076622738643761573e-05 1.100640648370832717e-05 1.071965418252130141e-05 1.143840345649751950e-05 1.098468333810434806e-05 9.476070829586855169e-05 8.638050960303667242e-05 1.327939177479519348e-04
1.247456402943534426e-05 1.160251976658614024e-05 1.137125533644060161e-05 1.037316429017562287e-05 1.028358120698762084e-05 1.139532154807129456e-05 1.051424852149499423e-04 1.237690883864405551e-04 1.424633777781425168e-04
1.315642166526570499e-05 1.014958579451917203e-05 1.107338088639255917e-05 1.147937109738786848e-05 1.027840358187975033e-05 1.212608697982649422e-05 1.218351963804024197e-04 1.611576671698445326e-04 1.695378658626763035e-04
1.335176896935606067e-05 1.047653036393309203e-05 1.022925851344587243e-05 1.072200572256620448e-05 1.139838490564329927e-05 1.177641509365428216e-05 1.334385484166311913e-04 1.044301683260591743e-04 1.514882071396538694e-04
1.161419696363794097e-05 1.194017549497936732e-05 1.330286964744940248e-05 1.187694660833061669e-05 1.027287004800832392e-05 9.880590798427971627e-06 1.418864333296745550e-04 1.618022978385238433e-04 1.244137190551199742e-04
1.225568013985052895e-05 1.159404151139723452e-05 1.094142771230544232e-05 1.113041102874275977e-05 1.140344389449666130e-05 1.254719907626369020e-05 1.431080084468219901e-04 1.785626952241877645e-04 1.688932351939970741e-04
1.276449832444889675e-05 1.047959372150510183e-05 1.278922974650670993e-05 1.257215929681237007e-05 1.142215876364679447e-05 1.136601415619638480e-05 1.605130365011650593e-04 1.611576671698445326e-04 2.281992567124998107e-04
1.298597102658764730e-05 1.268153344945935035e-05 1.251289625067178504e-05 1.226145942024916492e-05 1.368601390543190280e-05 1.443772711012763192e-05 1.605130365011650593e-04 1.785626952241877645e-04 2.172405353449504447e-04
1.275024926287952227e-05 1.160710421042142264e-05 1.248829193888666108e-05 1.298669131813293817e-05 1.442502031986699463e-05 1.403274107028661862e-05 2.456042847668429342e-04 2.945962155864756968e-04 2.926623235804377918e-04
1.314806204633130097e-05 1.196183508544698827e-05 1.241801690612139556e-05 1.489804848868286869e-05 1.636121907471106774e-05 1.937125388732048725e-05 2.468935461042017182e-04 3.403649930627116620e-04 3.706626344906424359e-04
1.510633138152474021e-05 1.192134198957470874e-05 1.357554660443974472e-05 1.711388136944292732e-05 2.008389763119813846e-05 2.428889188042615652e-05 3.951585999004589528e-04 4.731589108106634884e-04 4.834730015095333269e-04
1.265313701453876191e-05 1.379609987560599152e-05 1.654356723491357822e-05 1.858282276185158836e-05 2.840149814644870018e-05 3.678806869566483259e-05 4.937870922084034364e-04 6.278702712937140468e-04 6.459199300167369146e-04
1.326935914255729154e-05 1.416871516600006155e-05 1.881271863806109262e-05 2.810091624759220047e-05 3.831351060428742533e-05 4.887931474974494830e-05 5.975726298657830018e-04 7.020027981918428809e-04 7.870940464575201323e-04
1.464714128439650900e-05 1.516721720214676684e-05 2.594524042189069854e-05 3.799362065500819588e-05 5.686360670792849927e-05 7.423769551661024842e-05 7.593749277043069807e-04 8.534910053314959371e-04 9.282681628983045427e-04
1.399765439801306273e-05 1.819879296896929034e-05 3.620951357845560658e-05 5.382896758353399307e-05 7.655745799333670205e-05 1.000781547037074044e-04 8.999044134764110775e-04 9.192433335367933799e-04 9.476070829586856524e-04
1.460864381980556985e-05 2.423111602447612111e-05 4.821965480453664968e-05 7.695491486802496042e-05 1.114915979396562644e-04 1.338206358434893407e-04 9.476070829586856524e-04 9.476070829586856524e-04 9.476070829586856524e-04
1.748389937326490676e-05 3.100325476315423160e-05 6.379277747749689462e-05 9.887602201069957126e-05 1.410447363417882433e-04 1.690566626874650993e-04 9.476070829586856524e-04 9.476070829586856524e-04 9.476070829586856524e-04
1.969449954779890392e-05 4.077554760924405786e-05 8.838472143307904709e-05 1.334579012582929507e-04 1.667845665629999192e-04 1.861000317516336815e-04 9.476070829586856524e-04 9.476070829586856524e-04 9.476070829586856524e-04
2.305031243522689523e-05 5.949555625140877033e-05 1.152603031258869851e-04 1.591632464625218667e-04 1.842145627066231950e-04 1.891400857736451530e-04 9.476070829586856524e-04 9.476070829586856524e-04 9.476070829586856524e-04
2.820590509583108583e-05 8.418979008043955196e-05 1.436929856592373677e-04 1.808143629119691466e-04 1.895214165917371847e-04 1.895214165917371847e-04 9.476070829586856524e-04 9.476070829586856524e-04 9.476070829586856524e-04
2.959103421143222885e-05 1.109189322650819699e-04 1.678994888979102196e-04 1.883774241374610355e-04 1.895214165917371847e-04 1.895214165917371847e-04 9.476070829586856524e-04 9.476070829586856524e-04 9.476070829586856524e-04
4.031173493519871139e-05 1.358524257604108948e-04 1.861239242458917682e-04 1.895214165917371847e-04 1.895214165917371847e-04 1.895214165917371847e-04 9.476070829586856524e-04 9.476070829586856524e-04 9.476070829586856524e-04
5.226031665621247262e-05 1.444760230721349589e-04 1.880066858420938669e-04 1.895214165917371847e-04 1.895214165917371847e-04 1.895214165917371847e-04 9.476070829586856524e-04 9.476070829586856524e-04 9.476070829586856524e-04
7.299298088224879188e-05 1.656571747103382272e-04 1.891453820350075981e-04 1.895214165917371847e-04 1.895214165917371847e-04 1.895214165917371847e-04 9.476070829586856524e-04 9.476070829586856524e-04 9.476070829586856524e-04
7.330278674989400332e-05 1.793239992016018884e-04 1.895214165917371847e-04 1.895214165917371847e-04 1.895214165917371847e-04 1.895214165917371847e-04 9.476070829586856524e-04 9.476070829586856524e-04 9.476070829586856524e-04
8.875984503285428697e-05 1.838571243827890331e-04 1.895214165917371847e-04 1.895214165917371847e-04 1.895214165917371847e-04 1.895214165917371847e-04 9.476070829586856524e-04 9.476070829586856524e-04 9.476070829586856524e-04
9.160790746197462905e-05 1.872467316547182185e-04 1.895214165917371847e-04 1.895214165917371847e-04 1.895214165917371847e-04 1.895214165917371847e-04 9.476070829586856524e-04 9.476070829586856524e-04 9.476070829586856524e-04
1.092200483893638062e-04 1.876200587626394715e-04 1.895214165917371847e-04 1.895214165917371847e-04 1.895214165917371847e-04 1.895214165917371847e-04 9.476070829586856524e-04 9.476070829586856524e-04 9.476070829586856524e-04
1.169791687364731101e-04 1.891453820350075981e-04 1.895214165917371847e-04 1.895214165917371847e-04 1.895214165917371847e-04 1.895214165917371847e-04 9.476070829586856524e-04 9.476070829586856524e-04 9.476070829586856524e-04
1.214681442829433909e-04 1.895214165917371847e-04 1.895214165917371847e-04 1.895214165917371847e-04 1.895214165917371847e-04 1.895214165917371847e-04 9.476070829586856524e-04 9.476070829586856524e-04 9.476070829586856524e-04
1.307400971996237687e-04 1.895214165917371847e-04 1.895214165917371847e-04 1.895214165917371847e-04 1.895214165917371847e-04 1.895214165917371847e-04 9.476070829586856524e-04 9.476070829586856524e-04 9.476070829586856524e-04
1.415975304437307484e-04 1.891400857736451530e-04 1.895214165917371847e-04 1.895214165917371847e-04 1.895214165917371847e-04 1.895214165917371847e-04 9.476070829586856524e-04 9.476070829586856524e-04 9.476070829586856524e-04
1.444215817423385106e-04 1.895214165917371847e-04 1.895214165917371847e-04 1.895214165917371847e-04 1.895214165917371847e-04 1.895214165917371847e-04 9.476070829586856524e-04 9.476070829586856524e-04 9.476070829586856524e-04
1.541862267870210785e-04 1.895214165917371847e-04 1.895214165917371847e-04 1.895214165917371847e-04 1.895214165917371847e-04 1.895214165917371847e-04 9.476070829586856524e-04 9.476070829586856524e-04 9.476070829586856524e-04
1.621535622348268689e-04 1.895214165917371847e-04 1.895214165917371847e-04 1.895214165917371847e-04 1.895214165917371847e-04 1.895214165917371847e-04 9.476070829586856524e-04 9.476070829586856524e-04 9.476070829586856524e-04
1.715212249498391649e-04 1.895214165917371847e-04 1.895214165917371847e-04 1.895214165917371847e-04 1.895214165917371847e-04 1.895214165917371847e-04 9.476070829586856524e-04 9.476070829586856524e-04 9.476070829586856524e-04
1.703363834909272633e-04 1.895214165917371847e-04 1.895214165917371847e-04 1.895214165917371847e-04 1.895214165917371847e-04 1.895214165917371847e-04 9.476070829586856524e-04 9.476070829586856524e-04 9.476070829586856524e-04
1.782368631723034826e-04 1.895214165917371847e-04 1.895214165917371847e-04 1.895214165917371847e-04 1.895214165917371847e-04 1.895214165917371847e-04 9.476070829586856524e-04 9.476070829586856524e-04 9.476070829586856524e-04
1.812632613140181153e-04 1.895214165917371847e-04 1.895214165917371847e-04 1.895214165917371847e-04 1.895214165917371847e-04 1.895214165917371847e-04 9.476070829586856524e-04 9.476070829586856524e-04 9.476070829586856524e-04
1.849885286830589993e-04 1.895214165917371847e-04 1.895214165917371847e-04 1.895214165917371847e-04 1.895214165917371847e-04 1.895214165917371847e-04 9.476070829586856524e-04 9.476070829586856524e-04 9.476070829586856524e-04
1.861537061827847389e-04 1.895214165917371847e-04 1.895214165917371847e-04 1.895214165917371847e-04 1.895214165917371847e-04 1.895214165917371847e-04 9.476070829586856524e-04 9.476070829586856524e-04 9.476070829586856524e-04
1.880202230861361312e-04 1.895214165917371847e-04 1.895214165917371847e-04 1.895214165917371847e-04 1.895214165917371847e-04 1.895214165917371847e-04 9.476070829586856524e-04 9.476070829586856524e-04 9.476070829586856524e-04
1.876307699216186379e-04 1.895214165917371847e-04 1.895214165917371847e-04 1.895214165917371847e-04 1.895214165917371847e-04 1.895214165917371847e-04 9.476070829586856524e-04 9.476070829586856524e-04 9.476070829586856524e-04
1.880148081885192200e-04 1.895214165917371847e-04 1.895214165917371847e-04 1.895214165917371847e-04 1.895214165917371847e-04 1.895214165917371847e-04 9.476070829586856524e-04 9.476070829586856524e-04 9.476070829586856524e-04
1.891563304664958052e-04 1.895214165917371847e-04 1.895214165917371847e-04 1.895214165917371847e-04 1.895214165917371847e-04 1.895214165917371847e-04 9.476070829586856524e-04 9.476070829586856524e-04 9.476070829586856524e-04
